184424098576123 1021 509 1005 0 12 3.536 13 15 66
68085721366004 1021 509 1005 0 12 3.536 13 15 66
195060645159594 1021 509 1005 0 12 3.536 13 15 66
151766588373925 1021 509 1005 0 12 3.536 13 15 66
155995845573577 1021 509 1005 0 12 3.536 13 15 66
77296247630092 1021 509 1005 0 12 3.536 13 15 66
263293315611012 1021 509 1005 0 12 3.536 13 15 66
142677015978038 1021 509 1005 0 12 3.536 13 15 66
214799908188152 1021 509 1005 0 12 3.536 13 15 66
63209793878829 1021 509 1005 0 12 3.536 13 15 66
42200403594472 114 610 98 2 12 3.536 18 19 66
81783356114527 829 317 813 0 12 3.536 13 9 66
231078844175368 605 93 77 1 12 3.536 13 18 66
86459711874958 605 93 77 1 12 3.536 13 18 66
85356808695170 605 93 77 1 12 3.536 13 18 66
202084528324147 605 93 77 1 12 3.536 13 18 66
240829788739057 114 610 98 2 12 3.536 18 19 66
97070018802174 114 610 98 2 12 3.536 18 19 66
69414421365535 114 610 98 2 12 3.536 18 19 66
80647918471501 114 610 98 2 12 3.536 18 19 66
190617514447525 1010 994 482 1 12 3.536 18 15 66
42859645781566 605 93 77 1 12 3.536 13 18 66
134135674815923 573 61 45 1 12 3.536 13 17 66
85369556760123 989 477 973 0 12 3.536 13 14 66
94027542370931 50 546 34 2 12 3.536 18 17 66
234409042240337 50 546 34 2 12 3.536 18 17 66
141370286781634 50 546 34 2 12 3.536 18 17 66
110060937250661 50 546 34 2 12 3.536 18 17 66
55039681029584 50 546 34 2 12 3.536 18 17 66
167519798535443 50 546 34 2 12 3.536 18 17 66
25141239175557 50 546 34 2 12 3.536 18 17 66
88782606618695 50 546 34 2 12 3.536 18 17 66
83309585284503 50 546 34 2 12 3.536 18 17 66
231188545376169 50 546 34 2 12 3.536 18 17 66
250077092610909 50 546 34 2 12 3.536 18 17 66
89507238898991 50 546 34 2 12 3.536 18 17 66
117722082444545 50 546 34 2 12 3.536 18 17 66
270611783203144 50 546 34 2 12 3.536 18 17 66
15201961465465 50 546 34 2 12 3.536 18 17 66
223196025264219 50 546 34 2 12 3.536 18 17 66
120472565138254 50 546 34 2 12 3.536 18 17 66
44595333289183 50 546 34 2 12 3.536 18 17 66
278240917515313 50 546 34 2 12 3.536 18 17 66
263258711348245 50 546 34 2 12 3.536 18 17 66
118162465546262 50 546 34 2 12 3.536 18 17 66
166748771212509 50 546 34 2 12 3.536 18 17 66
216376300707679 50 546 34 2 12 3.536 18 17 66
254997421779875 50 546 34 2 12 3.536 18 17 66
39212376938113 50 546 34 2 12 3.536 18 17 66
50380171724260 50 546 34 2 12 3.536 18 17 66
268832799881534 50 546 34 2 12 3.536 18 17 66
15973817316536 50 546 34 2 12 3.536 18 17 66
31414161864242 50 546 34 2 12 3.536 18 17 66
226765803220250 50 546 34 2 12 3.536 18 17 66
279448553204324 50 546 34 2 12 3.536 18 17 66
215168791658808 50 546 34 2 12 3.536 18 17 66
164995980028622 50 546 34 2 12 3.536 18 17 66
275987557988345 50 546 34 2 12 3.536 18 17 66
197379905525211 50 546 34 2 12 3.536 18 17 66
3211786513293 50 546 34 2 12 3.536 18 17 66
158168474345254 50 546 34 2 12 3.536 18 17 66
36367058233680 50 546 34 2 12 3.536 18 17 66
219136025966730 50 546 34 2 12 3.536 18 17 66
226298433064768 50 546 34 2 12 3.536 18 17 66
93275099426000 50 546 34 2 12 3.536 18 17 66
221396807002122 50 546 34 2 12 3.536 18 17 66
54335182452436 50 546 34 2 12 3.536 18 17 66
102795112136275 50 546 34 2 12 3.536 18 17 66
157356111928162 50 546 34 2 12 3.536 18 17 66
249462039410156 50 546 34 2 12 3.536 18 17 66
262431993042556 50 546 34 2 12 3.536 18 17 66
106126334556054 50 546 34 2 12 3.536 18 17 66
179254150495905 50 546 34 2 12 3.536 18 17 66
44861723798795 50 546 34 2 12 3.536 18 17 66
95202413843291 50 546 34 2 12 3.536 18 17 66
248534047120143 50 546 34 2 12 3.536 18 17 66
21728804034017 50 546 34 2 12 3.536 18 17 66
267846752624808 50 546 34 2 12 3.536 18 17 66
63051128576930 50 546 34 2 12 3.536 18 17 66
23373830924501 50 546 34 2 12 3.536 18 17 66
57997509935292 50 546 34 2 12 3.536 18 17 66
254569926260759 50 546 34 2 12 3.536 18 17 66
248972445093417 50 546 34 2 12 3.536 18 17 66
32969568146166 882 866 354 1 12 3.536 18 11 66
162234372353616 957 445 941 0 12 3.536 13 13 66
65514932226327 957 445 941 0 12 3.536 13 13 66
126344682817278 946 930 418 1 12 3.536 18 13 66
38886069029919 946 930 418 1 12 3.536 18 13 66
148994636597989 50 546 34 2 12 3.536 18 17 66
51145984431682 50 546 34 2 12 3.536 18 17 66
182799227025526 50 546 34 2 12 3.536 18 17 66
104090769018999 50 546 34 2 12 3.536 18 17 66
202564791424837 733 221 205 1 12 3.536 13 22 66
127123167590434 733 221 205 1 12 3.536 13 22 66
10644499211708 733 221 205 1 12 3.536 13 22 66
173885114806099 733 221 205 1 12 3.536 13 22 66
205425145068903 115 611 99 2 12 4.950 19 19 66
150127067071372 115 611 99 2 12 4.950 19 19 66
248721685955393 115 611 99 2 12 4.950 19 19 66
208618177409994 115 611 99 2 12 4.950 19 19 66
188973500119195 115 611 99 2 12 4.950 19 19 66
88844995761055 115 611 99 2 12 4.950 19 19 66
95556976178147 115 611 99 2 12 4.950 19 19 66
225728178403698 115 611 99 2 12 4.950 19 19 66
82240102303652 115 611 99 2 12 4.950 19 19 66
13511590520 115 611 99 2 12 4.950 19 19 66
248332771143717 115 611 99 2 12 4.950 19 19 66
141820752185474 115 611 99 2 12 4.950 19 19 66
19096762851864 764 252 748 0 12 4.950 12 7 66
95112985477760 764 252 748 0 12 4.950 12 7 66
239423182696639 764 252 748 0 12 4.950 12 7 66
275662774831875 764 252 748 0 12 4.950 12 7 66
40643487994198 764 252 748 0 12 4.950 12 7 66
203131419948101 764 252 748 0 12 4.950 12 7 66
75079143999081 764 252 748 0 12 4.950 12 7 66
75330734957868 764 252 748 0 12 4.950 12 7 66
21349988707975 764 252 748 0 12 4.950 12 7 66
9528895945360 604 92 76 1 12 4.950 12 18 66
249953080046592 604 92 76 1 12 4.950 12 18 66
173101360409267 604 92 76 1 12 4.950 12 18 66
280297990574606 604 92 76 1 12 4.950 12 18 66
218771577572841 604 92 76 1 12 4.950 12 18 66
28840345902877 604 92 76 1 12 4.950 12 18 66
4231550401354 604 92 76 1 12 4.950 12 18 66
190364448452123 604 92 76 1 12 4.950 12 18 66
37833467795277 604 92 76 1 12 4.950 12 18 66
101755573434640 819 803 291 1 12 4.950 19 9 66
198079481749811 51 547 35 2 12 4.950 19 17 66
99527344268215 51 547 35 2 12 4.950 19 17 66
235151397249308 51 547 35 2 12 4.950 19 17 66
84963740547518 604 92 76 1 12 4.950 12 18 66
68897411300598 540 28 12 1 12 4.950 12 16 66
75314168174327 540 28 12 1 12 4.950 12 16 66
216961418658790 699 187 171 1 12 6.364 11 21 66
188207200077096 699 187 171 1 12 6.364 11 21 66
132161376537916 699 187 171 1 12 6.364 11 21 66
181221704668264 699 187 171 1 12 6.364 11 21 66
48129819614649 699 187 171 1 12 6.364 11 21 66
16278181814817 699 187 171 1 12 6.364 11 21 66
63971988115492 699 187 171 1 12 6.364 11 21 66
166566919193237 699 187 171 1 12 6.364 11 21 66
72581927161627 699 187 171 1 12 6.364 11 21 66
144179526884971 699 187 171 1 12 6.364 11 21 66
219560459241235 699 187 171 1 12 6.364 11 21 66
79914550140250 699 187 171 1 12 6.364 11 21 66
175392063952098 699 187 171 1 12 6.364 11 21 66
40587572193309 699 187 171 1 12 6.364 11 21 66
127134965058903 699 187 171 1 12 6.364 11 21 66
198185836576656 699 187 171 1 12 6.364 11 21 66
44812916545738 699 187 171 1 12 6.364 11 21 66
194636672326632 820 804 292 1 12 6.364 20 9 66
37610258188373 820 804 292 1 12 6.364 20 9 66
172513384302566 308 804 292 2 12 6.364 20 25 66
91865589296672 308 804 292 2 12 6.364 20 25 66
258238050278611 308 804 292 2 12 6.364 20 25 66
84767331136107 308 804 292 2 12 6.364 20 25 66
29599550740386 308 804 292 2 12 6.364 20 25 66
2794481235605 308 804 292 2 12 6.364 20 25 66
207186401472828 308 804 292 2 12 6.364 20 25 66
212055569826283 852 836 324 1 12 6.364 20 10 66
138228314777968 987 475 971 0 12 6.364 11 14 66
45785222742907 987 475 971 0 12 6.364 11 14 66
161048907758916 571 59 43 1 12 6.364 11 17 66
184093624367900 859 347 843 0 12 6.364 11 10 66
78008902288665 859 347 843 0 12 6.364 11 10 66
151200010638131 859 347 843 0 12 6.364 11 10 66
236139367735842 148 644 132 2 12 6.364 20 20 66
167739090459222 148 644 132 2 12 6.364 20 20 66
258663013432199 148 644 132 2 12 6.364 20 20 66
164986803841888 148 644 132 2 12 6.364 20 20 66
59718028870081 148 644 132 2 12 6.364 20 20 66
103580296868736 148 644 132 2 12 6.364 20 20 66
15307500484933 148 644 132 2 12 6.364 20 20 66
62053671754601 148 644 132 2 12 6.364 20 20 66
164142764061464 148 644 132 2 12 6.364 20 20 66
3475043228340 148 644 132 2 12 6.364 20 20 66
154087331142160 148 644 132 2 12 6.364 20 20 66
147699001257431 148 644 132 2 12 6.364 20 20 66
236870406528447 148 644 132 2 12 6.364 20 20 66
144941640550403 148 644 132 2 12 6.364 20 20 66
11422863585847 148 644 132 2 12 6.364 20 20 66
74212472215810 148 644 132 2 12 6.364 20 20 66
112830807074846 148 644 132 2 12 6.364 20 20 66
143105902570258 148 644 132 2 12 6.364 20 20 66
44912680900406 148 644 132 2 12 6.364 20 20 66
203709832464936 148 644 132 2 12 6.364 20 20 66
238813134822982 148 644 132 2 12 6.364 20 20 66
273548374033964 148 644 132 2 12 6.364 20 20 66
221588169771504 148 644 132 2 12 6.364 20 20 66
187002631752954 148 644 132 2 12 6.364 20 20 66
205586279291528 148 644 132 2 12 6.364 20 20 66
211063888076974 148 644 132 2 12 6.364 20 20 66
214487172640438 148 644 132 2 12 6.364 20 20 66
94306514698641 148 644 132 2 12 6.364 20 20 66
177644012531343 148 644 132 2 12 6.364 20 20 66
141755343808201 148 644 132 2 12 6.364 20 20 66
38548049609208 890 378 874 0 12 7.778 10 11 66
264687745101460 890 378 874 0 12 7.778 10 11 66
74113742423793 890 378 874 0 12 7.778 10 11 66
63530978596815 890 378 874 0 12 7.778 10 11 66
110586984288961 245 741 229 2 12 7.778 21 23 66
271050757286180 245 741 229 2 12 7.778 21 23 66
87998544845816 245 741 229 2 12 7.778 21 23 66
279695744718623 245 741 229 2 12 7.778 21 23 66
75635987205987 245 741 229 2 12 7.778 21 23 66
146622448104958 245 741 229 2 12 7.778 21 23 66
119957883272187 794 282 266 1 12 7.778 10 24 66
46706661743714 794 282 266 1 12 7.778 10 24 66
233801258243068 794 282 266 1 12 7.778 10 24 66
84534322807428 794 282 266 1 12 7.778 10 24 66
80100336483475 794 282 266 1 12 7.778 10 24 66
22031640508617 794 282 266 1 12 7.778 10 24 66
56227664146742 794 282 266 1 12 7.778 10 24 66
154945367626252 794 282 266 1 12 7.778 10 24 66
143448539077537 794 282 266 1 12 7.778 10 24 66
141050607577178 698 186 170 1 12 7.778 10 21 66
26993013085981 698 186 170 1 12 7.778 10 21 66
259603155426489 698 186 170 1 12 7.778 10 21 66
120318111486608 698 186 170 1 12 7.778 10 21 66
273567674228727 53 549 37 2 12 7.778 21 17 66
236655917061155 1018 506 1002 0 12 7.778 10 15 66
161773241898633 1018 506 1002 0 12 7.778 10 15 66
196979255799742 1018 506 1002 0 12 7.778 10 15 66
120516130978922 1018 506 1002 0 12 7.778 10 15 66
69625687089356 1018 506 1002 0 12 7.778 10 15 66
165374953554256 85 581 69 2 12 7.778 21 18 66
88259611144215 85 581 69 2 12 7.778 21 18 66
88687418856002 729 217 201 1 12 9.192 9 22 66
110893992676865 729 217 201 1 12 9.192 9 22 66
36333017361239 729 217 201 1 12 9.192 9 22 66
251513315015074 729 217 201 1 12 9.192 9 22 66
150959868220984 729 217 201 1 12 9.192 9 22 66
207262651402710 729 217 201 1 12 9.192 9 22 66
278420021410300 150 646 134 2 12 9.192 22 20 66
133122479237163 150 646 134 2 12 9.192 22 20 66
117720436420655 150 646 134 2 12 9.192 22 20 66
193598366410832 150 646 134 2 12 9.192 22 20 66
234478721223796 150 646 134 2 12 9.192 22 20 66
275602338051300 150 646 134 2 12 9.192 22 20 66
155927125747677 150 646 134 2 12 9.192 22 20 66
127191797908506 150 646 134 2 12 9.192 22 20 66
125760270922190 150 646 134 2 12 9.192 22 20 66
149972564472185 150 646 134 2 12 9.192 22 20 66
146223832422067 569 57 41 1 12 9.192 9 17 66
97374800940558 569 57 41 1 12 9.192 9 17 66
259464004101493 150 646 134 2 12 9.192 22 20 66
6473394208947 150 646 134 2 12 9.192 22 20 66
70857795063944 150 646 134 2 12 9.192 22 20 66
277146032768668 150 646 134 2 12 9.192 22 20 66
87550680755805 921 409 905 0 12 9.192 9 12 66
53445718761473 921 409 905 0 12 9.192 9 12 66
279164295162446 921 409 905 0 12 9.192 9 12 66
182131715729972 950 934 422 1 12 9.192 22 13 66
268777230224346 950 934 422 1 12 9.192 22 13 66
144999001306859 950 934 422 1 12 9.192 22 13 66
119976698256111 950 934 422 1 12 9.192 22 13 66
14226930969190 950 934 422 1 12 9.192 22 13 66
135203034137145 950 934 422 1 12 9.192 22 13 66
261508095203758 886 870 358 1 12 9.192 22 11 66
14350840313555 886 870 358 1 12 9.192 22 11 66
21832116087202 886 870 358 1 12 9.192 22 11 66
250100365585192 886 870 358 1 12 9.192 22 11 66
257229216494905 22 518 6 2 12 9.192 22 16 66
48651312384358 22 518 6 2 12 9.192 22 16 66
171199560974581 22 518 6 2 12 9.192 22 16 66
71515375877353 22 518 6 2 12 9.192 22 16 66
214783937695240 22 518 6 2 12 9.192 22 16 66
248768015580188 22 518 6 2 12 9.192 22 16 66
148027813315898 22 518 6 2 12 9.192 22 16 66
41319670232518 22 518 6 2 12 9.192 22 16 66
254405658474240 22 518 6 2 12 9.192 22 16 66
235616793172427 22 518 6 2 12 9.192 22 16 66
153817777459670 22 518 6 2 12 9.192 22 16 66
276553680725422 761 249 233 1 12 9.192 9 23 66
198905895405537 761 249 233 1 12 9.192 9 23 66
60222860720357 214 710 198 2 12 9.192 22 22 66
262605346594698 214 710 198 2 12 9.192 22 22 66
183263985930152 214 710 198 2 12 9.192 22 22 66
72275969370468 214 710 198 2 12 9.192 22 22 66
153092242964942 214 710 198 2 12 9.192 22 22 66
63449858519096 214 710 198 2 12 9.192 22 22 66
41806157740891 214 710 198 2 12 9.192 22 22 66
131574132189151 214 710 198 2 12 9.192 22 22 66
165390055241521 214 710 198 2 12 9.192 22 22 66
272621987811329 214 710 198 2 12 9.192 22 22 66
209308156623067 214 710 198 2 12 9.192 22 22 66
4987196180109 214 710 198 2 12 9.192 22 22 66
120006559333442 214 710 198 2 12 9.192 22 22 66
25340527187077 214 710 198 2 12 9.192 22 22 66
168427315444393 214 710 198 2 12 9.192 22 22 66
37396321812819 214 710 198 2 12 9.192 22 22 66
236357227441814 214 710 198 2 12 9.192 22 22 66
207377970955492 214 710 198 2 12 9.192 22 22 66
61297918201918 214 710 198 2 12 9.192 22 22 66
240391375381432 214 710 198 2 12 9.192 22 22 66
125692107619634 214 710 198 2 12 9.192 22 22 66
151393959851997 214 710 198 2 12 9.192 22 22 66
48782138536543 214 710 198 2 12 9.192 22 22 66
154621072646529 214 710 198 2 12 9.192 22 22 66
123763566227107 214 710 198 2 12 9.192 22 22 66
250370667887948 214 710 198 2 12 9.192 22 22 66
114324520914698 214 710 198 2 12 9.192 22 22 66
73917547001300 214 710 198 2 12 9.192 22 22 66
136708871162173 790 774 262 1 12 9.192 22 8 66
169921311826606 790 774 262 1 12 9.192 22 8 66
253275548493872 790 774 262 1 12 9.192 22 8 66
118062867942084 790 774 262 1 12 9.192 22 8 66
102896431250235 790 774 262 1 12 9.192 22 8 66
255240770202486 790 774 262 1 12 9.192 22 8 66
25243309938495 23 519 7 2 12 10.607 23 16 66
259157740680644 23 519 7 2 12 10.607 23 16 66
211316559331298 247 743 231 2 12 10.607 23 23 66
65965521142855 247 743 231 2 12 10.607 23 23 66
24752195376323 247 743 231 2 12 10.607 23 23 66
58189697508357 247 743 231 2 12 10.607 23 23 66
109961204103660 247 743 231 2 12 10.607 23 23 66
185176424028370 247 743 231 2 12 10.607 23 23 66
172211006720750 247 743 231 2 12 10.607 23 23 66
171601514706694 568 56 40 1 12 10.607 8 17 66
14277045649223 568 56 40 1 12 10.607 8 17 66
91710133605198 568 56 40 1 12 10.607 8 17 66
101332052691520 568 56 40 1 12 10.607 8 17 66
69071196787969 568 56 40 1 12 10.607 8 17 66
120303592004851 568 56 40 1 12 10.607 8 17 66
253896186688968 568 56 40 1 12 10.607 8 17 66
42229590364124 568 56 40 1 12 10.607 8 17 66
112268388699061 568 56 40 1 12 10.607 8 17 66
152529897619334 568 56 40 1 12 10.607 8 17 66
42519407636107 568 56 40 1 12 10.607 8 17 66
181725850625967 568 56 40 1 12 10.607 8 17 66
116672751973635 952 440 936 0 12 10.607 8 13 66
266504706528274 952 440 936 0 12 10.607 8 13 66
21916773308204 952 440 936 0 12 10.607 8 13 66
127181952757830 1015 999 487 1 12 10.607 23 15 66
53409013818009 1015 999 487 1 12 10.607 23 15 66
39362529530025 952 440 936 0 12 10.607 8 13 66
21767304748602 630 118 102 1 12 13.435 6 19 66
49160325293625 1008 992 480 1 13 0.707 16 15 66
71444733760328 991 479 975 0 13 0.707 15 14 66
73822320500527 991 479 975 0 13 0.707 15 14 66
7541826315075 607 95 79 1 13 0.707 15 18 66
246493541909945 989 477 973 0 13 3.536 13 14 66
90641390226406 989 477 973 0 13 3.536 13 14 66
141433786100373 989 477 973 0 13 3.536 13 14 66
33580491245456 989 477 973 0 13 3.536 13 14 66
213085613468590 989 477 973 0 13 3.536 13 14 66
265074179354835 989 477 973 0 13 3.536 13 14 66
214775448614231 989 477 973 0 13 3.536 13 14 66
216524131867554 989 477 973 0 13 3.536 13 14 66
45549169282344 989 477 973 0 13 3.536 13 14 66
256798725592380 989 477 973 0 13 3.536 13 14 66
171952896974726 819 803 291 1 13 4.950 19 9 66
172399920283865 819 803 291 1 13 4.950 19 9 66
116612396983806 922 410 906 0 13 7.778 10 12 66
