156214978013706 977 961 449 1 12 2.121 17 14 69
232935394681285 977 961 449 1 12 2.121 17 14 69
247245665010860 977 961 449 1 12 2.121 17 14 69
195018189510099 977 961 449 1 12 2.121 17 14 69
226252377605522 977 961 449 1 12 2.121 17 14 69
22483539644188 977 961 449 1 12 2.121 17 14 69
281193316400259 977 961 449 1 12 2.121 17 14 69
178259036383640 977 961 449 1 12 2.121 17 14 69
190920018566306 977 961 449 1 12 2.121 17 14 69
278578005770229 977 961 449 1 12 2.121 17 14 69
197571477909715 977 961 449 1 12 2.121 17 14 69
149184800643079 977 961 449 1 12 2.121 17 14 69
126936834421473 977 961 449 1 12 2.121 17 14 69
214701062266639 945 929 417 1 12 2.121 17 13 69
199928196377466 945 929 417 1 12 2.121 17 13 69
50372081420078 945 929 417 1 12 2.121 17 13 69
25792450954157 542 30 14 1 12 2.121 14 16 69
249301402383072 542 30 14 1 12 2.121 14 16 69
228485905133936 542 30 14 1 12 2.121 14 16 69
217712704830762 542 30 14 1 12 2.121 14 16 69
175267207048059 542 30 14 1 12 2.121 14 16 69
268975237511172 542 30 14 1 12 2.121 14 16 69
209501546613306 542 30 14 1 12 2.121 14 16 69
246706021852029 542 30 14 1 12 2.121 14 16 69
137880069191857 177 673 161 2 12 2.121 17 21 69
202220840561809 958 446 942 0 12 2.121 14 13 69
125802216372660 958 446 942 0 12 2.121 14 13 69
213653274261896 926 414 910 0 12 2.121 14 12 69
212856722064495 926 414 910 0 12 2.121 14 12 69
2686012300606 1022 510 1006 0 12 2.121 14 15 69
46691757406392 1022 510 1006 0 12 2.121 14 15 69
63474967337522 1022 510 1006 0 12 2.121 14 15 69
208090948764984 1022 510 1006 0 12 2.121 14 15 69
186145570771807 1022 510 1006 0 12 2.121 14 15 69
183871405514659 1022 510 1006 0 12 2.121 14 15 69
276932286820825 113 609 97 2 12 2.121 17 19 69
269188902300678 113 609 97 2 12 2.121 17 19 69
67336338813232 113 609 97 2 12 2.121 17 19 69
2554043857963 542 30 14 1 12 2.121 14 16 69
52681872544422 542 30 14 1 12 2.121 14 16 69
179963091781658 542 30 14 1 12 2.121 14 16 69
54984059313749 542 30 14 1 12 2.121 14 16 69
255583134852473 542 30 14 1 12 2.121 14 16 69
115758887940212 542 30 14 1 12 2.121 14 16 69
2456550954393 542 30 14 1 12 2.121 14 16 69
4096886212286 542 30 14 1 12 2.121 14 16 69
215279069211120 542 30 14 1 12 2.121 14 16 69
279598734491898 977 961 449 1 12 2.121 17 14 69
246776444409006 977 961 449 1 12 2.121 17 14 69
158292793062205 977 961 449 1 12 2.121 17 14 69
111792522545889 977 961 449 1 12 2.121 17 14 69
118138174354063 977 961 449 1 12 2.121 17 14 69
128446941899972 977 961 449 1 12 2.121 17 14 69
201707263508085 209 705 193 2 12 2.121 17 22 69
160057583501651 17 513 1 2 12 2.121 17 16 69
80514891830311 17 513 1 2 12 2.121 17 16 69
168299145416616 17 513 1 2 12 2.121 17 16 69
154188325385684 17 513 1 2 12 2.121 17 16 69
145050192459569 17 513 1 2 12 2.121 17 16 69
211232681246002 17 513 1 2 12 2.121 17 16 69
36085625999083 17 513 1 2 12 2.121 17 16 69
160579675739636 849 833 321 1 12 2.121 17 10 69
153032214792520 1022 510 1006 0 12 2.121 14 15 69
155866749584706 1022 510 1006 0 12 2.121 14 15 69
40451148835443 1022 510 1006 0 12 2.121 14 15 69
13342661279002 1022 510 1006 0 12 2.121 14 15 69
174743190849960 1022 510 1006 0 12 2.121 14 15 69
39631601826510 1022 510 1006 0 12 2.121 14 15 69
239966493830516 1022 510 1006 0 12 2.121 14 15 69
174927581303630 1022 510 1006 0 12 2.121 14 15 69
174549646116818 1022 510 1006 0 12 2.121 14 15 69
20516500819932 1022 510 1006 0 12 2.121 14 15 69
170301105978671 1022 510 1006 0 12 2.121 14 15 69
153390587827457 1022 510 1006 0 12 2.121 14 15 69
163163299230545 1022 510 1006 0 12 2.121 14 15 69
204897272044787 1022 510 1006 0 12 2.121 14 15 69
168328946775349 1022 510 1006 0 12 2.121 14 15 69
21747484573511 1022 510 1006 0 12 2.121 14 15 69
52493493336202 893 381 877 0 12 3.536 13 11 69
164227231463049 946 930 418 1 12 3.536 18 13 69
102818072519608 605 93 77 1 12 3.536 13 18 69
212487858995813 605 93 77 1 12 3.536 13 18 69
198216800627859 733 221 205 1 12 3.536 13 22 69
4805000453399 733 221 205 1 12 3.536 13 22 69
115113040727138 733 221 205 1 12 3.536 13 22 69
171572532806652 733 221 205 1 12 3.536 13 22 69
149289346874896 50 546 34 2 12 3.536 18 17 69
237895297615417 50 546 34 2 12 3.536 18 17 69
130031270380950 50 546 34 2 12 3.536 18 17 69
61678795693064 114 610 98 2 12 3.536 18 19 69
76496626689781 114 610 98 2 12 3.536 18 19 69
273270044584476 114 610 98 2 12 3.536 18 19 69
276624015025715 114 610 98 2 12 3.536 18 19 69
71184945753998 114 610 98 2 12 3.536 18 19 69
66381513559279 114 610 98 2 12 3.536 18 19 69
87738059957040 861 349 845 0 12 3.536 13 10 69
114023084990071 861 349 845 0 12 3.536 13 10 69
54610623079847 957 445 941 0 12 3.536 13 13 69
160425370535061 957 445 941 0 12 3.536 13 13 69
53236911919211 957 445 941 0 12 3.536 13 13 69
238697185237170 957 445 941 0 12 3.536 13 13 69
119008672941088 957 445 941 0 12 3.536 13 13 69
134085036888500 957 445 941 0 12 3.536 13 13 69
118937592020921 957 445 941 0 12 3.536 13 13 69
192214137832941 957 445 941 0 12 3.536 13 13 69
53268144924506 957 445 941 0 12 3.536 13 13 69
271087658233318 957 445 941 0 12 3.536 13 13 69
265802159071338 957 445 941 0 12 3.536 13 13 69
53556277800754 1021 509 1005 0 12 3.536 13 15 69
146317470511528 1021 509 1005 0 12 3.536 13 15 69
258924433891772 1021 509 1005 0 12 3.536 13 15 69
54007237826837 1021 509 1005 0 12 3.536 13 15 69
100372808478247 1021 509 1005 0 12 3.536 13 15 69
244138665265167 1021 509 1005 0 12 3.536 13 15 69
104675941835716 605 93 77 1 12 3.536 13 18 69
212721995271892 50 546 34 2 12 3.536 18 17 69
220420356879744 178 674 162 2 12 3.536 18 21 69
125964633395476 178 674 162 2 12 3.536 18 21 69
216911948531405 178 674 162 2 12 3.536 18 21 69
82947148831903 178 674 162 2 12 3.536 18 21 69
96340941301097 178 674 162 2 12 3.536 18 21 69
1525949184202 178 674 162 2 12 3.536 18 21 69
184133203545470 178 674 162 2 12 3.536 18 21 69
39435803455646 668 156 140 1 12 4.950 12 20 69
143073403330930 51 547 35 2 12 4.950 19 17 69
110006364603751 51 547 35 2 12 4.950 19 17 69
108443753311289 1020 508 1004 0 12 4.950 12 15 69
271478874460604 1020 508 1004 0 12 4.950 12 15 69
198588761795756 1020 508 1004 0 12 4.950 12 15 69
23292413799440 1020 508 1004 0 12 4.950 12 15 69
119945157949399 1020 508 1004 0 12 4.950 12 15 69
198791181007208 115 611 99 2 12 4.950 19 19 69
157538417361506 115 611 99 2 12 4.950 19 19 69
66129376294510 115 611 99 2 12 4.950 19 19 69
90883962312911 115 611 99 2 12 4.950 19 19 69
212439067666849 115 611 99 2 12 4.950 19 19 69
136144270293651 115 611 99 2 12 4.950 19 19 69
268896506797226 979 963 451 1 12 4.950 19 14 69
183221066863562 979 963 451 1 12 4.950 19 14 69
63099892226860 979 963 451 1 12 4.950 19 14 69
232766177873849 979 963 451 1 12 4.950 19 14 69
8612942541929 979 963 451 1 12 4.950 19 14 69
181298863778951 979 963 451 1 12 4.950 19 14 69
226393713874069 979 963 451 1 12 4.950 19 14 69
8780566667371 979 963 451 1 12 4.950 19 14 69
55599594238879 979 963 451 1 12 4.950 19 14 69
35795705893920 979 963 451 1 12 4.950 19 14 69
180592023312510 979 963 451 1 12 4.950 19 14 69
111858911966631 979 963 451 1 12 4.950 19 14 69
41177281693133 979 963 451 1 12 4.950 19 14 69
92892371884160 979 963 451 1 12 4.950 19 14 69
279327736364518 979 963 451 1 12 4.950 19 14 69
97923834535129 147 643 131 2 12 4.950 19 20 69
186253277461100 851 835 323 1 12 4.950 19 10 69
128332382901893 851 835 323 1 12 4.950 19 10 69
104214608948129 851 835 323 1 12 4.950 19 10 69
157401633635607 851 835 323 1 12 4.950 19 10 69
96003307131736 851 835 323 1 12 4.950 19 10 69
213949177048162 851 835 323 1 12 4.950 19 10 69
4508703364351 851 835 323 1 12 4.950 19 10 69
54516615365443 851 835 323 1 12 4.950 19 10 69
231208775934425 851 835 323 1 12 4.950 19 10 69
135343316083275 828 316 812 0 12 4.950 12 9 69
117154112555761 1011 995 483 1 12 4.950 19 15 69
271901407939273 115 611 99 2 12 4.950 19 19 69
210149057363808 115 611 99 2 12 4.950 19 19 69
274540379932606 796 284 268 1 12 4.950 12 24 69
130238426492941 796 284 268 1 12 4.950 12 24 69
173535889739564 635 123 107 1 12 6.364 11 19 69
207487614941470 635 123 107 1 12 6.364 11 19 69
213822336552195 635 123 107 1 12 6.364 11 19 69
56629415723938 539 27 11 1 12 6.364 11 16 69
137609489538061 987 475 971 0 12 6.364 11 14 69
108987551671263 987 475 971 0 12 6.364 11 14 69
157869165369001 987 475 971 0 12 6.364 11 14 69
150741504432906 987 475 971 0 12 6.364 11 14 69
253896351035858 116 612 100 2 12 6.364 20 19 69
137400665208060 116 612 100 2 12 6.364 20 19 69
88109078082568 116 612 100 2 12 6.364 20 19 69
163340110222160 116 612 100 2 12 6.364 20 19 69
55187246072348 116 612 100 2 12 6.364 20 19 69
114342254524773 116 612 100 2 12 6.364 20 19 69
65987209046137 116 612 100 2 12 6.364 20 19 69
247868817694453 116 612 100 2 12 6.364 20 19 69
260347137519298 116 612 100 2 12 6.364 20 19 69
24811783845201 116 612 100 2 12 6.364 20 19 69
947973838645 116 612 100 2 12 6.364 20 19 69
18974839310283 116 612 100 2 12 6.364 20 19 69
95859352566899 116 612 100 2 12 6.364 20 19 69
31131650999031 116 612 100 2 12 6.364 20 19 69
58315617644335 116 612 100 2 12 6.364 20 19 69
173247733196570 116 612 100 2 12 6.364 20 19 69
46915161140166 116 612 100 2 12 6.364 20 19 69
163686905939150 116 612 100 2 12 6.364 20 19 69
128580415395040 116 612 100 2 12 6.364 20 19 69
258048274812900 116 612 100 2 12 6.364 20 19 69
229848206039664 116 612 100 2 12 6.364 20 19 69
137474339643064 116 612 100 2 12 6.364 20 19 69
67328433606365 116 612 100 2 12 6.364 20 19 69
96309562838193 116 612 100 2 12 6.364 20 19 69
149927700953113 116 612 100 2 12 6.364 20 19 69
143274232057261 116 612 100 2 12 6.364 20 19 69
86569991661697 116 612 100 2 12 6.364 20 19 69
144069748941640 116 612 100 2 12 6.364 20 19 69
201887525254492 116 612 100 2 12 6.364 20 19 69
120699557970797 731 219 203 1 12 6.364 11 22 69
194905137718250 731 219 203 1 12 6.364 11 22 69
249353350792909 20 516 4 2 12 6.364 20 16 69
151210183833163 20 516 4 2 12 6.364 20 16 69
43513606354304 20 516 4 2 12 6.364 20 16 69
262469305153738 20 516 4 2 12 6.364 20 16 69
172493293767766 20 516 4 2 12 6.364 20 16 69
60658178437531 20 516 4 2 12 6.364 20 16 69
15829323703657 20 516 4 2 12 6.364 20 16 69
58931369034793 180 676 164 2 12 6.364 20 21 69
159878487428416 180 676 164 2 12 6.364 20 21 69
221972917577354 180 676 164 2 12 6.364 20 21 69
89857324938012 52 548 36 2 12 6.364 20 17 69
51592336505054 731 219 203 1 12 6.364 11 22 69
122654627539117 731 219 203 1 12 6.364 11 22 69
186636877800618 923 411 907 0 12 6.364 11 12 69
56695286835511 923 411 907 0 12 6.364 11 12 69
104578999435515 923 411 907 0 12 6.364 11 12 69
50235503870518 923 411 907 0 12 6.364 11 12 69
178026587385072 923 411 907 0 12 6.364 11 12 69
46655018269788 1013 997 485 1 12 7.778 21 15 69
91829920768890 1013 997 485 1 12 7.778 21 15 69
132083464358155 1013 997 485 1 12 7.778 21 15 69
175722058095424 1013 997 485 1 12 7.778 21 15 69
161181399570997 1013 997 485 1 12 7.778 21 15 69
127504087132045 1013 997 485 1 12 7.778 21 15 69
221726158708946 1013 997 485 1 12 7.778 21 15 69
164768398942214 1013 997 485 1 12 7.778 21 15 69
260625967527769 1013 997 485 1 12 7.778 21 15 69
39001499298887 1013 997 485 1 12 7.778 21 15 69
257078765381701 981 965 453 1 12 7.778 21 14 69
245931206900329 981 965 453 1 12 7.778 21 14 69
79883223003489 981 965 453 1 12 7.778 21 14 69
159867439826456 981 965 453 1 12 7.778 21 14 69
217438411295020 981 965 453 1 12 7.778 21 14 69
140495043626286 981 965 453 1 12 7.778 21 14 69
195434368298274 981 965 453 1 12 7.778 21 14 69
164389185721686 981 965 453 1 12 7.778 21 14 69
143893249318659 981 965 453 1 12 7.778 21 14 69
266459666121441 981 965 453 1 12 7.778 21 14 69
186023449273020 981 965 453 1 12 7.778 21 14 69
272761572955037 981 965 453 1 12 7.778 21 14 69
158500149792016 981 965 453 1 12 7.778 21 14 69
51754927839315 981 965 453 1 12 7.778 21 14 69
147158144529623 981 965 453 1 12 7.778 21 14 69
105697424503097 981 965 453 1 12 7.778 21 14 69
195175437371098 981 965 453 1 12 7.778 21 14 69
44139231410305 53 549 37 2 12 7.778 21 17 69
124086001286850 53 549 37 2 12 7.778 21 17 69
210269979374280 570 58 42 1 12 7.778 10 17 69
98109904295411 570 58 42 1 12 7.778 10 17 69
12579687630380 117 613 101 2 12 7.778 21 19 69
239283359914857 117 613 101 2 12 7.778 21 19 69
1030617136007 117 613 101 2 12 7.778 21 19 69
150219764325451 117 613 101 2 12 7.778 21 19 69
106958442981066 117 613 101 2 12 7.778 21 19 69
188653823800192 117 613 101 2 12 7.778 21 19 69
250615439476630 954 442 938 0 12 7.778 10 13 69
80592017097743 149 645 133 2 12 7.778 21 20 69
249786972494970 149 645 133 2 12 7.778 21 20 69
267587933834985 1014 998 486 1 12 9.192 22 15 69
265034672725246 1014 998 486 1 12 9.192 22 15 69
272248958588699 1014 998 486 1 12 9.192 22 15 69
210344159030230 1014 998 486 1 12 9.192 22 15 69
24389783156772 1014 998 486 1 12 9.192 22 15 69
244154851082042 1014 998 486 1 12 9.192 22 15 69
170540337106886 1014 998 486 1 12 9.192 22 15 69
19766429804432 1014 998 486 1 12 9.192 22 15 69
69123370725405 1014 998 486 1 12 9.192 22 15 69
177032442643207 1014 998 486 1 12 9.192 22 15 69
263319416273836 1014 998 486 1 12 9.192 22 15 69
126135172250571 1014 998 486 1 12 9.192 22 15 69
7473454313546 1014 998 486 1 12 9.192 22 15 69
91992648743455 1014 998 486 1 12 9.192 22 15 69
31880406917376 1014 998 486 1 12 9.192 22 15 69
224676436568141 1014 998 486 1 12 9.192 22 15 69
249502585523204 54 550 38 2 12 9.192 22 17 69
29221595992191 54 550 38 2 12 9.192 22 17 69
227440873960014 921 409 905 0 12 9.192 9 12 69
131777931610113 921 409 905 0 12 9.192 9 12 69
181643943282186 825 313 809 0 12 9.192 9 9 69
96304000980813 86 582 70 2 12 9.192 22 18 69
129658392969808 151 647 135 2 12 10.607 23 20 69
274271461569532 151 647 135 2 12 10.607 23 20 69
269548668531577 151 647 135 2 12 10.607 23 20 69
217882462675475 119 615 103 2 12 10.607 23 19 69
193051340965153 119 615 103 2 12 10.607 23 19 69
209503465821154 119 615 103 2 12 10.607 23 19 69
43000446381784 119 615 103 2 12 10.607 23 19 69
146511299536901 119 615 103 2 12 10.607 23 19 69
207042583217874 23 519 7 2 12 10.607 23 16 69
40287533720692 23 519 7 2 12 10.607 23 16 69
108537170161736 23 519 7 2 12 10.607 23 16 69
11732855985745 23 519 7 2 12 10.607 23 16 69
261165792020533 23 519 7 2 12 10.607 23 16 69
258502636982659 87 583 71 2 12 10.607 23 18 69
19558313697945 119 615 103 2 12 10.607 23 19 69
3576611082623 952 440 936 0 12 10.607 8 13 69
275445082006810 952 440 936 0 12 10.607 8 13 69
173767784899278 952 440 936 0 12 10.607 8 13 69
35246964999471 952 440 936 0 12 10.607 8 13 69
182163952391540 952 440 936 0 12 10.607 8 13 69
90248110914385 952 440 936 0 12 10.607 8 13 69
6885813924062 952 440 936 0 12 10.607 8 13 69
229182392523092 894 382 878 0 13 2.121 14 11 69
100112396151720 209 705 193 2 13 2.121 17 22 69
86548766309308 209 705 193 2 13 2.121 17 22 69
137201019509068 209 705 193 2 13 2.121 17 22 69
108800948273191 209 705 193 2 13 2.121 17 22 69
116349333560889 209 705 193 2 13 2.121 17 22 69
152653010859622 209 705 193 2 13 2.121 17 22 69
77851189092512 209 705 193 2 13 2.121 17 22 69
52807724785247 209 705 193 2 13 2.121 17 22 69
135813077129891 209 705 193 2 13 2.121 17 22 69
132834368910059 209 705 193 2 13 2.121 17 22 69
42304568921144 209 705 193 2 13 2.121 17 22 69
142509353550641 209 705 193 2 13 2.121 17 22 69
200688778861333 209 705 193 2 13 2.121 17 22 69
175500293864054 209 705 193 2 13 2.121 17 22 69
219662324093396 209 705 193 2 13 2.121 17 22 69
107715673097445 209 705 193 2 13 2.121 17 22 69
128697453193481 209 705 193 2 13 2.121 17 22 69
192711909231678 209 705 193 2 13 2.121 17 22 69
125924916377906 209 705 193 2 13 2.121 17 22 69
133455553263120 209 705 193 2 13 2.121 17 22 69
100427716498061 209 705 193 2 13 2.121 17 22 69
57317658569610 1009 993 481 1 13 2.121 17 15 69
247683751922823 540 28 12 1 13 4.950 12 16 69
180753480716374 883 867 355 1 13 4.950 19 11 69
249447046231057 884 868 356 1 13 6.364 20 11 69
97321340956655 884 868 356 1 13 6.364 20 11 69
143052618160904 884 868 356 1 13 6.364 20 11 69

