219540634756240 50 546 34 2 12 3.536 18 17 70
171165708111899 50 546 34 2 12 3.536 18 17 70
86030604110505 733 221 205 1 12 3.536 13 22 70
253365196313721 733 221 205 1 12 3.536 13 22 70
99283132305421 733 221 205 1 12 3.536 13 22 70
153478040379146 733 221 205 1 12 3.536 13 22 70
69773389593995 733 221 205 1 12 3.536 13 22 70
169077587952603 733 221 205 1 12 3.536 13 22 70
244832677467023 733 221 205 1 12 3.536 13 22 70
161629782372706 733 221 205 1 12 3.536 13 22 70
73994764726918 733 221 205 1 12 3.536 13 22 70
263564803026326 733 221 205 1 12 3.536 13 22 70
155492778064071 733 221 205 1 12 3.536 13 22 70
171917704840727 733 221 205 1 12 3.536 13 22 70
91671996399098 733 221 205 1 12 3.536 13 22 70
188913969577482 733 221 205 1 12 3.536 13 22 70
176362514018556 733 221 205 1 12 3.536 13 22 70
170588157071808 733 221 205 1 12 3.536 13 22 70
108581713776464 733 221 205 1 12 3.536 13 22 70
49968972235092 733 221 205 1 12 3.536 13 22 70
121655700206715 50 546 34 2 12 3.536 18 17 70
61141953623262 50 546 34 2 12 3.536 18 17 70
186083575255594 50 546 34 2 12 3.536 18 17 70
149631357855103 50 546 34 2 12 3.536 18 17 70
276207497837507 50 546 34 2 12 3.536 18 17 70
94418101276705 50 546 34 2 12 3.536 18 17 70
156627489887492 50 546 34 2 12 3.536 18 17 70
128203532901848 50 546 34 2 12 3.536 18 17 70
193716338468115 50 546 34 2 12 3.536 18 17 70
105909319129826 50 546 34 2 12 3.536 18 17 70
61559034789193 50 546 34 2 12 3.536 18 17 70
75037623330125 146 642 130 2 12 3.536 18 20 70
9333144089073 146 642 130 2 12 3.536 18 20 70
41513822206953 146 642 130 2 12 3.536 18 20 70
231608156143391 146 642 130 2 12 3.536 18 20 70
123355437203786 146 642 130 2 12 3.536 18 20 70
90140581296833 146 642 130 2 12 3.536 18 20 70
10912163216894 146 642 130 2 12 3.536 18 20 70
69019033881627 146 642 130 2 12 3.536 18 20 70
102268678343168 146 642 130 2 12 3.536 18 20 70
126286959676820 146 642 130 2 12 3.536 18 20 70
5280544108836 146 642 130 2 12 3.536 18 20 70
81800993317880 146 642 130 2 12 3.536 18 20 70
126838180100110 146 642 130 2 12 3.536 18 20 70
174393087747204 178 674 162 2 12 3.536 18 21 70
17301620784895 178 674 162 2 12 3.536 18 21 70
111615420249394 605 93 77 1 12 3.536 13 18 70
201510768398129 605 93 77 1 12 3.536 13 18 70
233538180482984 605 93 77 1 12 3.536 13 18 70
273867403464705 882 866 354 1 12 3.536 18 11 70
37049508868887 178 674 162 2 12 3.536 18 21 70
96998514494050 178 674 162 2 12 3.536 18 21 70
188230177592982 178 674 162 2 12 3.536 18 21 70
45425027988689 541 29 13 1 12 3.536 13 16 70
277715827640414 541 29 13 1 12 3.536 13 16 70
235910521837311 541 29 13 1 12 3.536 13 16 70
61101328772592 541 29 13 1 12 3.536 13 16 70
151324082670077 541 29 13 1 12 3.536 13 16 70
61479925750916 541 29 13 1 12 3.536 13 16 70
177191534470981 242 738 226 2 12 3.536 18 23 70
165363748480373 242 738 226 2 12 3.536 18 23 70
277570181662211 242 738 226 2 12 3.536 18 23 70
84557643944210 242 738 226 2 12 3.536 18 23 70
268945560329260 242 738 226 2 12 3.536 18 23 70
51656174294332 573 61 45 1 12 3.536 13 17 70
275614070124755 573 61 45 1 12 3.536 13 17 70
98460848616893 82 578 66 2 12 3.536 18 18 70
162876055632627 925 413 909 0 12 3.536 13 12 70
76847647128330 114 610 98 2 12 3.536 18 19 70
127943577746445 114 610 98 2 12 3.536 18 19 70
179537885225858 914 898 386 1 12 3.536 18 12 70
43086847740979 914 898 386 1 12 3.536 18 12 70
83501244619272 914 898 386 1 12 3.536 18 12 70
10266592943468 797 285 781 0 12 3.536 13 8 70
243853401857023 797 285 781 0 12 3.536 13 8 70
117028752024965 797 285 781 0 12 3.536 13 8 70
105488648046168 797 285 781 0 12 3.536 13 8 70
31315342364411 700 188 172 1 12 4.950 12 21 70
72840439452581 700 188 172 1 12 4.950 12 21 70
274298146572802 700 188 172 1 12 4.950 12 21 70
233707004221494 700 188 172 1 12 4.950 12 21 70
175462848901872 700 188 172 1 12 4.950 12 21 70
230271172325764 700 188 172 1 12 4.950 12 21 70
241437988165431 700 188 172 1 12 4.950 12 21 70
70481509143293 700 188 172 1 12 4.950 12 21 70
187452266076574 636 124 108 1 12 4.950 12 19 70
152418392626322 636 124 108 1 12 4.950 12 19 70
145044689310993 636 124 108 1 12 4.950 12 19 70
163679165498565 636 124 108 1 12 4.950 12 19 70
59545441561516 636 124 108 1 12 4.950 12 19 70
202235114828551 636 124 108 1 12 4.950 12 19 70
165972275718910 636 124 108 1 12 4.950 12 19 70
120936049718258 636 124 108 1 12 4.950 12 19 70
97105708413588 636 124 108 1 12 4.950 12 19 70
275220857151947 636 124 108 1 12 4.950 12 19 70
216329751387861 636 124 108 1 12 4.950 12 19 70
102800792223309 636 124 108 1 12 4.950 12 19 70
28317848821912 636 124 108 1 12 4.950 12 19 70
187171149653311 636 124 108 1 12 4.950 12 19 70
199395217123203 636 124 108 1 12 4.950 12 19 70
258711099918435 636 124 108 1 12 4.950 12 19 70
263676498301888 819 803 291 1 12 4.950 19 9 70
263589177382057 819 803 291 1 12 4.950 19 9 70
180296853069506 604 92 76 1 12 4.950 12 18 70
273027455314166 604 92 76 1 12 4.950 12 18 70
156865954858805 604 92 76 1 12 4.950 12 18 70
253039894228083 604 92 76 1 12 4.950 12 18 70
212804676399863 604 92 76 1 12 4.950 12 18 70
54061292139609 604 92 76 1 12 4.950 12 18 70
56119272861958 604 92 76 1 12 4.950 12 18 70
186906454058332 604 92 76 1 12 4.950 12 18 70
16477944942825 211 707 195 2 12 4.950 19 22 70
180158757578770 211 707 195 2 12 4.950 19 22 70
255129806467189 211 707 195 2 12 4.950 19 22 70
258721446523423 988 476 972 0 12 4.950 12 14 70
257662207364542 51 547 35 2 12 4.950 19 17 70
279995133960850 51 547 35 2 12 4.950 19 17 70
159239912434449 51 547 35 2 12 4.950 19 17 70
182477749868807 51 547 35 2 12 4.950 19 17 70
156698162581265 668 156 140 1 12 4.950 12 20 70
42284355920534 796 284 780 0 12 4.950 12 8 70
128139865177307 796 284 780 0 12 4.950 12 8 70
61194777936650 796 284 780 0 12 4.950 12 8 70
12574500113737 956 444 940 0 12 4.950 12 13 70
26801434513376 956 444 940 0 12 4.950 12 13 70
215399004396945 700 188 172 1 12 4.950 12 21 70
132102759621859 700 188 172 1 12 4.950 12 21 70
198911338899596 700 188 172 1 12 4.950 12 21 70
249253043305449 979 963 451 1 12 4.950 19 14 70
38328568783490 979 963 451 1 12 4.950 19 14 70
99951422036150 979 963 451 1 12 4.950 19 14 70
237107397185525 979 963 451 1 12 4.950 19 14 70
249250703086764 979 963 451 1 12 4.950 19 14 70
1448025679667 979 963 451 1 12 4.950 19 14 70
130856547305911 979 963 451 1 12 4.950 19 14 70
70081960695186 979 963 451 1 12 4.950 19 14 70
235367464141530 979 963 451 1 12 4.950 19 14 70
58623503142030 979 963 451 1 12 4.950 19 14 70
222425706675695 979 963 451 1 12 4.950 19 14 70
20454296489091 979 963 451 1 12 4.950 19 14 70
76307602538760 979 963 451 1 12 4.950 19 14 70
167344346619676 979 963 451 1 12 4.950 19 14 70
118592168864007 915 899 387 1 12 4.950 19 12 70
210507869172370 915 899 387 1 12 4.950 19 12 70
229367053954608 732 220 204 1 12 4.950 12 22 70
177723326835208 820 804 292 1 12 6.364 20 9 70
228001267014707 820 804 292 1 12 6.364 20 9 70
32938275457700 820 804 292 1 12 6.364 20 9 70
69368457215133 820 804 292 1 12 6.364 20 9 70
1710960709006 820 804 292 1 12 6.364 20 9 70
110527329728127 884 868 356 1 12 6.364 20 11 70
35284417380926 955 443 939 0 12 6.364 11 13 70
68833849036780 820 804 292 1 12 6.364 20 9 70
71069931084814 84 580 68 2 12 6.364 20 18 70
7951918548239 827 315 811 0 12 6.364 11 9 70
107896825853230 827 315 811 0 12 6.364 11 9 70
184257194952916 827 315 811 0 12 6.364 11 9 70
223220242123292 980 964 452 1 12 6.364 20 14 70
205308579438617 980 964 452 1 12 6.364 20 14 70
98196613833530 980 964 452 1 12 6.364 20 14 70
24994506414263 980 964 452 1 12 6.364 20 14 70
66015129313904 980 964 452 1 12 6.364 20 14 70
204209939777659 980 964 452 1 12 6.364 20 14 70
101253266065189 85 581 69 2 12 7.778 21 18 70
97554253857700 634 122 106 1 12 7.778 10 19 70
196634295082911 634 122 106 1 12 7.778 10 19 70
175800152516779 917 901 389 1 12 7.778 21 12 70
173161927710895 917 901 389 1 12 7.778 21 12 70
225150061676276 917 901 389 1 12 7.778 21 12 70
36268370627414 21 517 5 2 12 7.778 21 16 70
131697458792005 21 517 5 2 12 7.778 21 16 70
123321833207913 21 517 5 2 12 7.778 21 16 70
117062970255306 21 517 5 2 12 7.778 21 16 70
279224325179853 21 517 5 2 12 7.778 21 16 70
108639362227108 21 517 5 2 12 7.778 21 16 70
94344845725484 21 517 5 2 12 7.778 21 16 70
12175540007325 21 517 5 2 12 7.778 21 16 70
137000867531904 21 517 5 2 12 7.778 21 16 70
86988241819668 21 517 5 2 12 7.778 21 16 70
255715587685531 21 517 5 2 12 7.778 21 16 70
239945121992781 21 517 5 2 12 7.778 21 16 70
31010598682422 885 869 357 1 12 7.778 21 11 70
36332890487412 53 549 37 2 12 7.778 21 17 70
183803219559283 53 549 37 2 12 7.778 21 17 70
101291582077431 53 549 37 2 12 7.778 21 17 70
257153859208751 53 549 37 2 12 7.778 21 17 70
126034088929351 53 549 37 2 12 7.778 21 17 70
150602123160582 53 549 37 2 12 7.778 21 17 70
161824328887506 53 549 37 2 12 7.778 21 17 70
201057869424200 53 549 37 2 12 7.778 21 17 70
47796735420508 53 549 37 2 12 7.778 21 17 70
209307623007313 53 549 37 2 12 7.778 21 17 70
172280436700725 53 549 37 2 12 7.778 21 17 70
210089560274689 666 154 138 1 12 7.778 10 20 70
222848276025154 666 154 138 1 12 7.778 10 20 70
158076925702974 666 154 138 1 12 7.778 10 20 70
180511121654111 666 154 138 1 12 7.778 10 20 70
172328024867579 666 154 138 1 12 7.778 10 20 70
8156580228515 666 154 138 1 12 7.778 10 20 70
47842958931696 666 154 138 1 12 7.778 10 20 70
31879898811192 666 154 138 1 12 7.778 10 20 70
195908294660264 602 90 74 1 12 7.778 10 18 70
183556136612028 602 90 74 1 12 7.778 10 18 70
156134478276926 602 90 74 1 12 7.778 10 18 70
81153258382898 602 90 74 1 12 7.778 10 18 70
170434142359391 602 90 74 1 12 7.778 10 18 70
180990959819683 602 90 74 1 12 7.778 10 18 70
189801924168463 602 90 74 1 12 7.778 10 18 70
267831922269069 602 90 74 1 12 7.778 10 18 70
82081951325233 602 90 74 1 12 7.778 10 18 70
179083316593685 602 90 74 1 12 7.778 10 18 70
34783717867328 602 90 74 1 12 7.778 10 18 70
117902177019604 602 90 74 1 12 7.778 10 18 70
172760097123923 602 90 74 1 12 7.778 10 18 70
191698332068567 602 90 74 1 12 7.778 10 18 70
184945501090104 602 90 74 1 12 7.778 10 18 70
278671956126424 1013 997 485 1 12 7.778 21 15 70
47633962330092 917 901 389 1 12 7.778 21 12 70
3557283891907 917 901 389 1 12 7.778 21 12 70
167258126718513 666 154 138 1 12 7.778 10 20 70
224932293540052 666 154 138 1 12 7.778 10 20 70
280774405056267 666 154 138 1 12 7.778 10 20 70
144447701051121 917 901 389 1 12 7.778 21 12 70
38786719902421 917 901 389 1 12 7.778 21 12 70
5467479303655 917 901 389 1 12 7.778 21 12 70
237521349708070 917 901 389 1 12 7.778 21 12 70
104072804724722 917 901 389 1 12 7.778 21 12 70
148272781570091 633 121 105 1 12 9.192 9 19 70
279092500343834 633 121 105 1 12 9.192 9 19 70
165108429378143 86 582 70 2 12 9.192 22 18 70
226493965221469 86 582 70 2 12 9.192 22 18 70
175647125338795 86 582 70 2 12 9.192 22 18 70
231208606133650 86 582 70 2 12 9.192 22 18 70
249757280954897 86 582 70 2 12 9.192 22 18 70
231845932227419 86 582 70 2 12 9.192 22 18 70
224174953727989 86 582 70 2 12 9.192 22 18 70
206726390277274 86 582 70 2 12 9.192 22 18 70
37082598132068 86 582 70 2 12 9.192 22 18 70
27610531671990 569 57 41 1 12 9.192 9 17 70
145391456875255 761 249 233 1 12 9.192 9 23 70
103638301632869 761 249 233 1 12 9.192 9 23 70
161913496276664 761 249 233 1 12 9.192 9 23 70
168502478233282 761 249 233 1 12 9.192 9 23 70
36842941130998 761 249 233 1 12 9.192 9 23 70
13921898698881 761 249 233 1 12 9.192 9 23 70
10279724822315 537 25 9 1 12 9.192 9 16 70
272056212090718 150 646 134 2 12 9.192 22 20 70
65779950155346 150 646 134 2 12 9.192 22 20 70
256892614371753 150 646 134 2 12 9.192 22 20 70
195064664645389 150 646 134 2 12 9.192 22 20 70
7010952140753 150 646 134 2 12 9.192 22 20 70
111972186587573 150 646 134 2 12 9.192 22 20 70
236468188674115 150 646 134 2 12 9.192 22 20 70
169585641245194 150 646 134 2 12 9.192 22 20 70
120498583962302 150 646 134 2 12 9.192 22 20 70
274905187611787 150 646 134 2 12 9.192 22 20 70
23550576615135 150 646 134 2 12 9.192 22 20 70
227206116210609 150 646 134 2 12 9.192 22 20 70
32933142447296 150 646 134 2 12 9.192 22 20 70
219404876538964 150 646 134 2 12 9.192 22 20 70
210180533531500 150 646 134 2 12 9.192 22 20 70
91241655023321 150 646 134 2 12 9.192 22 20 70
29505110437254 150 646 134 2 12 9.192 22 20 70
18706093526096 537 25 9 1 12 9.192 9 16 70
266720104365275 537 25 9 1 12 9.192 9 16 70
127890122752778 537 25 9 1 12 9.192 9 16 70
231805541602669 953 441 937 0 12 9.192 9 13 70
248280382712628 953 441 937 0 12 9.192 9 13 70
239519125151119 23 519 7 2 12 10.607 23 16 70
59218843200790 856 344 840 0 12 10.607 8 10 70
183300324460386 856 840 328 1 12 12.021 24 10 70
167723206982305 856 840 328 1 12 12.021 24 10 70
42735210223955 983 471 967 0 12 12.021 7 14 70
257502607852558 1015 503 999 0 12 12.021 7 15 70
13849266135582 1015 503 999 0 12 12.021 7 15 70
97223531600805 1015 503 999 0 12 12.021 7 15 70
83253596988552 1015 503 999 0 12 12.021 7 15 70
234188291577537 1015 503 999 0 12 12.021 7 15 70
239282928038801 1015 503 999 0 12 12.021 7 15 70
7557191873026 1015 503 999 0 12 12.021 7 15 70
251266497316019 1015 503 999 0 12 12.021 7 15 70
189103880975267 920 904 392 1 12 12.021 24 12 70
221390854994837 986 970 458 1 12 14.849 26 14 70
223987140742066 986 970 458 1 12 14.849 26 14 70
23486386227625 958 446 942 0 13 2.121 14 13 70
114283800816329 636 124 108 1 13 4.950 12 19 70
21753240421668 763 251 235 1 13 6.364 11 23 70
243803061643888 85 581 69 2 13 7.778 21 18 70
68167641116211 85 581 69 2 13 7.778 21 18 70
31445172633783 85 581 69 2 13 7.778 21 18 70
244987346539036 85 581 69 2 13 7.778 21 18 70
91177972910105 85 581 69 2 13 7.778 21 18 70
265317400175315 85 581 69 2 13 7.778 21 18 70
27259450372219 85 581 69 2 13 7.778 21 18 70
6056775146444 792 776 264 1 13 12.021 24 8 70
192577553960329 792 776 264 1 13 12.021 24 8 70
