86334288646880 1009 993 481 1 12 2.121 17 15 65
51368966606745 945 929 417 1 12 2.121 17 13 65
80399231290268 945 929 417 1 12 2.121 17 13 65
32578848380236 977 961 449 1 12 2.121 17 14 65
52376832733413 977 961 449 1 12 2.121 17 14 65
82971095451868 17 513 1 2 12 2.121 17 16 65
25081994383859 17 513 1 2 12 2.121 17 16 65
156256615993463 17 513 1 2 12 2.121 17 16 65
35819198791594 1022 510 1006 0 12 2.121 14 15 65
219113313888422 862 350 846 0 12 2.121 14 10 65
134537534065195 862 350 846 0 12 2.121 14 10 65
175201488284371 862 350 846 0 12 2.121 14 10 65
11085150574196 862 350 846 0 12 2.121 14 10 65
114000026916436 1022 510 1006 0 12 2.121 14 15 65
111621931469912 606 94 78 1 12 2.121 14 18 65
1071675064158 606 94 78 1 12 2.121 14 18 65
86197747777496 606 94 78 1 12 2.121 14 18 65
252515707387892 606 94 78 1 12 2.121 14 18 65
186717909697970 606 94 78 1 12 2.121 14 18 65
20917671868961 606 94 78 1 12 2.121 14 18 65
14398742956099 606 94 78 1 12 2.121 14 18 65
203629148949937 606 94 78 1 12 2.121 14 18 65
131215576800687 606 94 78 1 12 2.121 14 18 65
276184782941589 606 94 78 1 12 2.121 14 18 65
131131565123745 606 94 78 1 12 2.121 14 18 65
194097900545064 606 94 78 1 12 2.121 14 18 65
113465890432977 606 94 78 1 12 2.121 14 18 65
2915351328423 606 94 78 1 12 2.121 14 18 65
48569034941012 606 94 78 1 12 2.121 14 18 65
206719460451272 606 94 78 1 12 2.121 14 18 65
45714209579998 670 158 142 1 12 2.121 14 20 65
27679084265140 49 545 33 2 12 2.121 17 17 65
24423968268184 766 254 238 1 12 2.121 14 23 65
197422844919241 17 513 1 2 12 2.121 17 16 65
267443022366006 977 961 449 1 12 2.121 17 14 65
63428445518354 977 961 449 1 12 2.121 17 14 65
270401416534645 977 961 449 1 12 2.121 17 14 65
47005097875511 977 961 449 1 12 2.121 17 14 65
276198248814492 977 961 449 1 12 2.121 17 14 65
44921270652917 766 254 238 1 12 2.121 14 23 65
122885267935430 766 254 238 1 12 2.121 14 23 65
273175310418471 945 929 417 1 12 2.121 17 13 65
188181539552480 17 513 1 2 12 2.121 17 16 65
141644812796775 17 513 1 2 12 2.121 17 16 65
89741238041131 17 513 1 2 12 2.121 17 16 65
55354318607971 798 286 782 0 12 2.121 14 8 65
65893434927602 798 286 782 0 12 2.121 14 8 65
60999164661190 894 382 878 0 12 2.121 14 11 65
62616589053499 894 382 878 0 12 2.121 14 11 65
138387923056903 894 382 878 0 12 2.121 14 11 65
80017010182999 894 382 878 0 12 2.121 14 11 65
151759757011178 894 382 878 0 12 2.121 14 11 65
255493287844833 894 382 878 0 12 2.121 14 11 65
88186102749636 894 382 878 0 12 2.121 14 11 65
11286943981208 894 382 878 0 12 2.121 14 11 65
160235024014021 894 382 878 0 12 2.121 14 11 65
176069646784930 894 382 878 0 12 2.121 14 11 65
65282595400150 894 382 878 0 12 2.121 14 11 65
153486866377535 894 382 878 0 12 2.121 14 11 65
201823425449347 894 382 878 0 12 2.121 14 11 65
69826071054764 894 382 878 0 12 2.121 14 11 65
39248485918622 894 382 878 0 12 2.121 14 11 65
68680584594066 894 382 878 0 12 2.121 14 11 65
12306963405780 894 382 878 0 12 2.121 14 11 65
16563334095389 669 157 141 1 12 3.536 13 20 65
24085737891142 669 157 141 1 12 3.536 13 20 65
215007531646599 669 157 141 1 12 3.536 13 20 65
89298043916062 669 157 141 1 12 3.536 13 20 65
56046868169234 669 157 141 1 12 3.536 13 20 65
11731818960307 669 157 141 1 12 3.536 13 20 65
158835318873233 669 157 141 1 12 3.536 13 20 65
206389786690165 669 157 141 1 12 3.536 13 20 65
76270422048602 669 157 141 1 12 3.536 13 20 65
261746135150862 669 157 141 1 12 3.536 13 20 65
198488025396524 669 157 141 1 12 3.536 13 20 65
204376315435400 669 157 141 1 12 3.536 13 20 65
170583576496235 669 157 141 1 12 3.536 13 20 65
197366682231919 669 157 141 1 12 3.536 13 20 65
121175198833411 669 157 141 1 12 3.536 13 20 65
201480408972781 669 157 141 1 12 3.536 13 20 65
180440160522880 669 157 141 1 12 3.536 13 20 65
266579972951883 669 157 141 1 12 3.536 13 20 65
2000741586537 669 157 141 1 12 3.536 13 20 65
272043391310880 669 157 141 1 12 3.536 13 20 65
192875998521780 669 157 141 1 12 3.536 13 20 65
49888487079061 669 157 141 1 12 3.536 13 20 65
231796902033337 669 157 141 1 12 3.536 13 20 65
86745721408053 669 157 141 1 12 3.536 13 20 65
278907648384423 669 157 141 1 12 3.536 13 20 65
46172625536486 669 157 141 1 12 3.536 13 20 65
275346414391506 669 157 141 1 12 3.536 13 20 65
103681823511110 861 349 845 0 12 3.536 13 10 65
186106824654768 541 29 13 1 12 3.536 13 16 65
199943288269705 541 29 13 1 12 3.536 13 16 65
7676994539811 541 29 13 1 12 3.536 13 16 65
132093247338743 541 29 13 1 12 3.536 13 16 65
148349512925644 541 29 13 1 12 3.536 13 16 65
124249415251702 541 29 13 1 12 3.536 13 16 65
116579695701426 541 29 13 1 12 3.536 13 16 65
180339641515687 541 29 13 1 12 3.536 13 16 65
192919363709160 669 157 141 1 12 3.536 13 20 65
36832782649263 850 834 322 1 12 3.536 18 10 65
264521212366600 50 546 34 2 12 3.536 18 17 65
120906877439363 114 610 98 2 12 3.536 18 19 65
33636932613894 541 29 13 1 12 3.536 13 16 65
167541781695499 541 29 13 1 12 3.536 13 16 65
128851231481192 274 770 258 2 12 3.536 18 24 65
217533690158225 829 317 813 0 12 3.536 13 9 65
177147992442401 861 349 845 0 12 3.536 13 10 65
78845472374572 957 445 941 0 12 3.536 13 13 65
209018485352734 957 445 941 0 12 3.536 13 13 65
2248432909330 957 445 941 0 12 3.536 13 13 65
26602051272839 957 445 941 0 12 3.536 13 13 65
251907419569990 957 445 941 0 12 3.536 13 13 65
43477698002179 957 445 941 0 12 3.536 13 13 65
9057523414479 765 253 237 1 12 3.536 13 23 65
120764796122387 765 253 237 1 12 3.536 13 23 65
110078189472504 765 253 237 1 12 3.536 13 23 65
141325122802275 765 253 237 1 12 3.536 13 23 65
14127262742002 765 253 237 1 12 3.536 13 23 65
162361094650472 765 253 237 1 12 3.536 13 23 65
36572724767458 765 253 237 1 12 3.536 13 23 65
21979533487930 765 253 237 1 12 3.536 13 23 65
68055241717486 765 253 237 1 12 3.536 13 23 65
16828961248497 765 253 237 1 12 3.536 13 23 65
89986016722968 669 157 141 1 12 3.536 13 20 65
162817285281471 669 157 141 1 12 3.536 13 20 65
207734859707879 669 157 141 1 12 3.536 13 20 65
209116772012384 669 157 141 1 12 3.536 13 20 65
257136677300805 669 157 141 1 12 3.536 13 20 65
68800381367467 669 157 141 1 12 3.536 13 20 65
82297333809138 669 157 141 1 12 3.536 13 20 65
259821879192862 669 157 141 1 12 3.536 13 20 65
248427226372390 669 157 141 1 12 3.536 13 20 65
118345281616597 669 157 141 1 12 3.536 13 20 65
29688439012104 18 514 2 2 12 3.536 18 16 65
47572717878406 765 253 237 1 12 3.536 13 23 65
90704783368944 146 642 130 2 12 3.536 18 20 65
114248474088089 146 642 130 2 12 3.536 18 20 65
115045866164616 541 29 13 1 12 3.536 13 16 65
195951448353717 573 61 45 1 12 3.536 13 17 65
95751721613767 573 61 45 1 12 3.536 13 17 65
145984785372616 573 61 45 1 12 3.536 13 17 65
206031699069010 573 61 45 1 12 3.536 13 17 65
57898454371 573 61 45 1 12 3.536 13 17 65
80649872714508 573 61 45 1 12 3.536 13 17 65
170301127061582 861 349 845 0 12 3.536 13 10 65
71920899959096 947 931 419 1 12 4.950 19 13 65
162774265413256 83 579 67 2 12 4.950 19 18 65
36983521158614 636 124 108 1 12 4.950 12 19 65
141015738476229 636 124 108 1 12 4.950 12 19 65
230468813411195 860 348 844 0 12 4.950 12 10 65
257944158734830 860 348 844 0 12 4.950 12 10 65
18911175871357 860 348 844 0 12 4.950 12 10 65
22796597903364 860 348 844 0 12 4.950 12 10 65
252877689678119 572 60 44 1 12 4.950 12 17 65
271582932513396 924 412 908 0 12 4.950 12 12 65
240382371973647 1011 995 483 1 12 4.950 19 15 65
144465115709908 1011 995 483 1 12 4.950 19 15 65
273474639473955 980 964 452 1 12 6.364 20 14 65
61160231083040 980 964 452 1 12 6.364 20 14 65
139842328191625 980 964 452 1 12 6.364 20 14 65
238212083596492 980 964 452 1 12 6.364 20 14 65
193026301918462 852 836 324 1 12 6.364 20 10 65
49243666904871 571 59 43 1 12 6.364 11 17 65
76580812505981 827 315 811 0 12 6.364 11 9 65
184808114333531 539 27 11 1 12 6.364 11 16 65
258773824262352 539 27 11 1 12 6.364 11 16 65
55181122277783 539 27 11 1 12 6.364 11 16 65
214926388085574 539 27 11 1 12 6.364 11 16 65
239865308092767 1019 507 1003 0 12 6.364 11 15 65
173296416949667 1019 507 1003 0 12 6.364 11 15 65
8091564362852 1019 507 1003 0 12 6.364 11 15 65
215328486589240 1019 507 1003 0 12 6.364 11 15 65
260418772471553 1019 507 1003 0 12 6.364 11 15 65
62011491759438 1019 507 1003 0 12 6.364 11 15 65
232647893045679 1019 507 1003 0 12 6.364 11 15 65
14362710659578 916 900 388 1 12 6.364 20 12 65
260375645107630 916 900 388 1 12 6.364 20 12 65
5213379458959 916 900 388 1 12 6.364 20 12 65
237240125370429 916 900 388 1 12 6.364 20 12 65
221842177450801 1019 507 1003 0 12 6.364 11 15 65
127271478983445 1019 507 1003 0 12 6.364 11 15 65
174230494409494 1019 507 1003 0 12 6.364 11 15 65
155597312031052 1019 507 1003 0 12 6.364 11 15 65
188784213098079 1019 507 1003 0 12 6.364 11 15 65
129964541377187 1019 507 1003 0 12 6.364 11 15 65
105546815433790 1019 507 1003 0 12 6.364 11 15 65
15271190255922 1019 507 1003 0 12 6.364 11 15 65
212087768200965 1019 507 1003 0 12 6.364 11 15 65
72891299057497 1019 507 1003 0 12 6.364 11 15 65
100660932814121 1019 507 1003 0 12 6.364 11 15 65
56149011847234 1019 507 1003 0 12 6.364 11 15 65
97227539520118 1019 507 1003 0 12 6.364 11 15 65
207206647446135 1019 507 1003 0 12 6.364 11 15 65
223990581217115 1019 507 1003 0 12 6.364 11 15 65
55595530374927 1019 507 1003 0 12 6.364 11 15 65
251384513665914 1019 507 1003 0 12 6.364 11 15 65
166112055180170 1019 507 1003 0 12 6.364 11 15 65
195753532946222 1019 507 1003 0 12 6.364 11 15 65
83068745269408 1019 507 1003 0 12 6.364 11 15 65
163290876591105 1019 507 1003 0 12 6.364 11 15 65
113445783184740 1019 507 1003 0 12 6.364 11 15 65
129968651545656 1019 507 1003 0 12 6.364 11 15 65
193617041958117 1019 507 1003 0 12 6.364 11 15 65
168802529626377 1019 507 1003 0 12 6.364 11 15 65
76097952423975 1019 507 1003 0 12 6.364 11 15 65
83051057830620 1019 507 1003 0 12 6.364 11 15 65
1669207817149 1019 507 1003 0 12 6.364 11 15 65
4540294607501 1019 507 1003 0 12 6.364 11 15 65
86037738204919 52 548 36 2 12 6.364 20 17 65
34027758244188 52 548 36 2 12 6.364 20 17 65
73660601882618 20 516 4 2 12 6.364 20 16 65
114261474122670 20 516 4 2 12 6.364 20 16 65
127359631090872 20 516 4 2 12 6.364 20 16 65
73902964065970 20 516 4 2 12 6.364 20 16 65
175817189457803 20 516 4 2 12 6.364 20 16 65
139454996886927 20 516 4 2 12 6.364 20 16 65
217389971122865 20 516 4 2 12 6.364 20 16 65
130271088674433 20 516 4 2 12 6.364 20 16 65
142968468826964 20 516 4 2 12 6.364 20 16 65
214150475181196 20 516 4 2 12 6.364 20 16 65
184437029344585 20 516 4 2 12 6.364 20 16 65
71140931071953 181 677 165 2 12 7.778 21 21 65
31625519556446 181 677 165 2 12 7.778 21 21 65
180695539147652 181 677 165 2 12 7.778 21 21 65
237766509793791 181 677 165 2 12 7.778 21 21 65
161055429670696 149 645 133 2 12 7.778 21 20 65
59315452287503 821 805 293 1 12 7.778 21 9 65
269818736900402 821 805 293 1 12 7.778 21 9 65
245521597927892 821 805 293 1 12 7.778 21 9 65
84629059076913 821 805 293 1 12 7.778 21 9 65
227200219978517 821 805 293 1 12 7.778 21 9 65
170485489421082 890 378 874 0 12 7.778 10 11 65
280211526226400 890 378 874 0 12 7.778 10 11 65
214286983206736 890 378 874 0 12 7.778 10 11 65
249227759151915 890 378 874 0 12 7.778 10 11 65
98399296060537 890 378 874 0 12 7.778 10 11 65
276336601082843 890 378 874 0 12 7.778 10 11 65
53532438889994 890 378 874 0 12 7.778 10 11 65
169167979418969 917 901 389 1 12 7.778 21 12 65
155324659003611 917 901 389 1 12 7.778 21 12 65
241771404960348 917 901 389 1 12 7.778 21 12 65
78903717039792 917 901 389 1 12 7.778 21 12 65
199776707828964 917 901 389 1 12 7.778 21 12 65
230545549573048 917 901 389 1 12 7.778 21 12 65
104727827849393 917 901 389 1 12 7.778 21 12 65
79353968566239 917 901 389 1 12 7.778 21 12 65
36699770065955 917 901 389 1 12 7.778 21 12 65
206929425084350 917 901 389 1 12 7.778 21 12 65
177510214317234 917 901 389 1 12 7.778 21 12 65
280925630508023 917 901 389 1 12 7.778 21 12 65
252235949627777 917 901 389 1 12 7.778 21 12 65
187658950775746 917 901 389 1 12 7.778 21 12 65
197067233162867 789 773 261 1 12 7.778 21 8 65
164588890709239 789 773 261 1 12 7.778 21 8 65
222785659297986 789 773 261 1 12 7.778 21 8 65
19642666404598 789 773 261 1 12 7.778 21 8 65
231982954340539 789 773 261 1 12 7.778 21 8 65
207470382640729 789 773 261 1 12 7.778 21 8 65
166384434443184 789 773 261 1 12 7.778 21 8 65
209449334077276 789 773 261 1 12 7.778 21 8 65
62063258625410 1013 997 485 1 12 7.778 21 15 65
135431653930192 538 26 10 1 12 7.778 10 16 65
179144755751268 538 26 10 1 12 7.778 10 16 65
191024389398109 538 26 10 1 12 7.778 10 16 65
196115377160779 85 581 69 2 12 7.778 21 18 65
1296958461442 953 441 937 0 12 9.192 9 13 65
31302339216574 921 409 905 0 12 9.192 9 12 65
12922009620913 921 409 905 0 12 9.192 9 12 65
261760986371668 921 409 905 0 12 9.192 9 12 65
127525441300755 790 774 262 1 12 9.192 22 8 65
249614282520088 118 614 102 2 12 9.192 22 19 65
278749850203327 118 614 102 2 12 9.192 22 19 65
129797664006497 118 614 102 2 12 9.192 22 19 65
151830489205753 150 646 134 2 12 9.192 22 20 65
238417379474645 150 646 134 2 12 9.192 22 20 65
159674764755750 150 646 134 2 12 9.192 22 20 65
238890406123795 150 646 134 2 12 9.192 22 20 65
203297666767484 150 646 134 2 12 9.192 22 20 65
1894762881179 118 614 102 2 12 9.192 22 19 65
261405008924580 118 614 102 2 12 9.192 22 19 65
48847946808223 118 614 102 2 12 9.192 22 19 65
140648858544961 118 614 102 2 12 9.192 22 19 65
96834367802431 889 377 873 0 12 9.192 9 11 65
269189485471210 889 377 873 0 12 9.192 9 11 65
165420322425767 86 582 70 2 12 9.192 22 18 65
128283286086176 86 582 70 2 12 9.192 22 18 65
166610452846187 86 582 70 2 12 9.192 22 18 65
93313785151639 854 838 326 1 12 9.192 22 10 65
163016621521900 854 838 326 1 12 9.192 22 10 65
87409359992128 854 838 326 1 12 9.192 22 10 65
133327954867098 854 838 326 1 12 9.192 22 10 65
15030636179938 854 838 326 1 12 9.192 22 10 65
91256754001430 854 838 326 1 12 9.192 22 10 65
70596268295771 854 838 326 1 12 9.192 22 10 65
182192963258765 854 838 326 1 12 9.192 22 10 65
41576738267485 854 838 326 1 12 9.192 22 10 65
143602443570128 854 838 326 1 12 9.192 22 10 65
78043571646564 854 838 326 1 12 9.192 22 10 65
177676377174777 854 838 326 1 12 9.192 22 10 65
109029412810245 854 838 326 1 12 9.192 22 10 65
195799487794217 854 838 326 1 12 9.192 22 10 65
115375330430602 854 838 326 1 12 9.192 22 10 65
180745779044470 950 934 422 1 12 9.192 22 13 65
49839019446216 632 120 104 1 12 10.607 8 19 65
225641617176765 568 56 40 1 12 10.607 8 17 65
63967707589040 568 56 40 1 12 10.607 8 17 65
101817353124599 568 56 40 1 12 10.607 8 17 65
209935885390070 568 56 40 1 12 10.607 8 17 65
141073207689092 567 55 39 1 12 12.021 7 17 65
38154497653921 567 55 39 1 12 12.021 7 17 65
182051058075645 535 23 7 1 12 12.021 7 16 65
1896756835102 535 23 7 1 12 12.021 7 16 65
71565389388705 535 23 7 1 12 12.021 7 16 65
135127179015433 535 23 7 1 12 12.021 7 16 65
240556917374404 535 23 7 1 12 12.021 7 16 65
31733529535056 535 23 7 1 12 12.021 7 16 65
116797477503640 535 23 7 1 12 12.021 7 16 65
61135424715923 535 23 7 1 12 12.021 7 16 65
148194201616955 535 23 7 1 12 12.021 7 16 65
162475779419415 535 23 7 1 12 12.021 7 16 65
182394578762451 535 23 7 1 12 12.021 7 16 65
23188005955645 535 23 7 1 12 12.021 7 16 65
48280565683065 535 23 7 1 12 12.021 7 16 65
211359394041825 535 23 7 1 12 12.021 7 16 65
201956450544093 535 23 7 1 12 12.021 7 16 65
133395829669695 535 23 7 1 12 12.021 7 16 65
219672213971251 535 23 7 1 12 12.021 7 16 65
62679180569392 535 23 7 1 12 12.021 7 16 65
271658490319868 535 23 7 1 12 12.021 7 16 65
108446616775582 535 23 7 1 12 12.021 7 16 65
229449476674690 535 23 7 1 12 12.021 7 16 65
38235151353463 535 23 7 1 12 12.021 7 16 65
196664028949191 535 23 7 1 12 12.021 7 16 65
7021631091696 535 23 7 1 12 12.021 7 16 65
178050622837229 535 23 7 1 12 12.021 7 16 65
100491260227555 535 23 7 1 12 12.021 7 16 65
106359474177669 535 23 7 1 12 12.021 7 16 65
141850463800750 535 23 7 1 12 12.021 7 16 65
81155384430106 535 23 7 1 12 12.021 7 16 65
159797383339426 535 23 7 1 12 12.021 7 16 65
276760267582060 535 23 7 1 12 12.021 7 16 65
184657991408746 535 23 7 1 12 12.021 7 16 65
49137284705912 535 23 7 1 12 12.021 7 16 65
215556210564194 535 23 7 1 12 12.021 7 16 65
200718895690943 535 23 7 1 12 12.021 7 16 65
57974108523557 535 23 7 1 12 12.021 7 16 65
133878496620654 535 23 7 1 12 12.021 7 16 65
11463746860662 535 23 7 1 12 12.021 7 16 65
92958677470948 535 23 7 1 12 12.021 7 16 65
219890983400503 535 23 7 1 12 12.021 7 16 65
205592621284347 535 23 7 1 12 12.021 7 16 65
4375257499299 535 23 7 1 12 12.021 7 16 65
141838941643133 535 23 7 1 12 12.021 7 16 65
162065502684415 535 23 7 1 12 12.021 7 16 65
42744452707139 535 23 7 1 12 12.021 7 16 65
102240329073284 535 23 7 1 12 12.021 7 16 65
179334198341777 535 23 7 1 12 12.021 7 16 65
155825685280076 535 23 7 1 12 12.021 7 16 65
266043199838190 535 23 7 1 12 12.021 7 16 65
132684862505816 535 23 7 1 12 12.021 7 16 65
258802720689922 856 840 328 1 12 12.021 24 10 65
68780617277377 856 840 328 1 12 12.021 24 10 65
185036007687854 1018 1002 490 1 12 14.849 26 15 65
196659830972434 543 31 15 1 13 0.707 15 16 65
105286245298435 543 31 15 1 13 0.707 15 16 65
77931848638488 543 31 15 1 13 0.707 15 16 65
101321124907589 543 31 15 1 13 0.707 15 16 65
25622371601777 977 961 449 1 13 2.121 17 14 65
90444344593172 977 961 449 1 13 2.121 17 14 65
71933559568975 977 961 449 1 13 2.121 17 14 65
204345189603198 977 961 449 1 13 2.121 17 14 65
162982492699712 571 59 43 1 13 6.364 11 17 65
101027564703529 571 59 43 1 13 6.364 11 17 65
240954026627820 571 59 43 1 13 6.364 11 17 65
128816476346463 571 59 43 1 13 6.364 11 17 65
6335413987655 571 59 43 1 13 6.364 11 17 65
39422976556173 571 59 43 1 13 6.364 11 17 65
223770214350398 571 59 43 1 13 6.364 11 17 65
142342422752650 571 59 43 1 13 6.364 11 17 65
174543012439908 571 59 43 1 13 6.364 11 17 65
112776236430511 1018 506 1002 0 13 7.778 10 15 65
164974530312697 1018 506 1002 0 13 7.778 10 15 65
73091201377946 1018 506 1002 0 13 7.778 10 15 65
210456729361995 603 91 75 1 14 6.364 11 18 65
162250107046332 603 91 75 1 14 6.364 11 18 65
129284400221545 603 91 75 1 14 6.364 11 18 65
192588488021078 603 91 75 1 14 6.364 11 18 65
123603593158933 603 91 75 1 14 6.364 11 18 65
143363129228672 603 91 75 1 14 6.364 11 18 65
103193241014231 603 91 75 1 14 6.364 11 18 65
