13745691498493 921 905 393 1 11 13.435 25 12 68
15821143675524 921 905 393 1 11 13.435 25 12 68
107971893019703 921 905 393 1 11 13.435 25 12 68
259623299435515 921 905 393 1 11 13.435 25 12 68
46068138361840 921 905 393 1 11 13.435 25 12 68
181660376547839 566 54 38 1 11 13.435 6 17 68
168597083816003 566 54 38 1 11 13.435 6 17 68
179820699281576 566 54 38 1 11 13.435 6 17 68
17145144592572 566 54 38 1 11 13.435 6 17 68
211054996934457 566 54 38 1 11 13.435 6 17 68
216693248418904 566 54 38 1 11 13.435 6 17 68
135335204682773 566 54 38 1 11 13.435 6 17 68
117417411204958 566 54 38 1 11 13.435 6 17 68
221253525113702 566 54 38 1 11 13.435 6 17 68
243439696712464 566 54 38 1 11 13.435 6 17 68
8072635251645 534 22 6 1 11 13.435 6 16 68
81312467340100 534 22 6 1 11 13.435 6 16 68
112313965482121 534 22 6 1 11 13.435 6 16 68
63268025903547 534 22 6 1 11 13.435 6 16 68
150489464274623 534 22 6 1 11 13.435 6 16 68
44872790015594 534 22 6 1 11 13.435 6 16 68
22196934916844 598 86 70 1 11 13.435 6 18 68
173560931882793 598 86 70 1 11 13.435 6 18 68
263766535296394 598 86 70 1 11 13.435 6 18 68
270176630243423 153 649 137 2 11 13.435 25 20 68
185018102519352 153 649 137 2 11 13.435 25 20 68
52567931664169 153 649 137 2 11 13.435 25 20 68
160346030446309 153 649 137 2 11 13.435 25 20 68
237273459082304 153 649 137 2 11 13.435 25 20 68
204684220977603 153 649 137 2 11 13.435 25 20 68
109733863280967 153 649 137 2 11 13.435 25 20 68
232409854939602 153 649 137 2 11 13.435 25 20 68
258098333950214 153 649 137 2 11 13.435 25 20 68
36898501031306 153 649 137 2 11 13.435 25 20 68
100783203605228 153 649 137 2 11 13.435 25 20 68
66255705998977 89 585 73 2 11 13.435 25 18 68
42183521475887 89 585 73 2 11 13.435 25 18 68
110468656388814 89 585 73 2 11 13.435 25 18 68
262512671214195 89 585 73 2 11 13.435 25 18 68
241380801489224 89 585 73 2 11 13.435 25 18 68
69147881075699 793 777 265 1 11 13.435 25 8 68
174683153784184 918 406 902 0 11 13.435 6 12 68
206402176885407 918 406 902 0 11 13.435 6 12 68
177028086471550 918 406 902 0 11 13.435 6 12 68
2219045053620 886 374 870 0 11 13.435 6 11 68
185020446992804 57 553 41 2 11 13.435 25 17 68
234573264446058 57 553 41 2 11 13.435 25 17 68
228526007682168 57 553 41 2 11 13.435 25 17 68
279031762668959 57 553 41 2 11 13.435 25 17 68
252915464413165 57 553 41 2 11 13.435 25 17 68
246719313464803 57 553 41 2 11 13.435 25 17 68
169174946370203 57 553 41 2 11 13.435 25 17 68
186180639941769 57 553 41 2 11 13.435 25 17 68
267571371052353 57 553 41 2 11 13.435 25 17 68
100642081031238 858 842 330 1 11 14.849 26 10 68
198136524017932 597 85 69 1 11 14.849 5 18 68
270684203280748 597 85 69 1 11 14.849 5 18 68
82712948871833 597 85 69 1 11 14.849 5 18 68
191148493751085 597 85 69 1 11 14.849 5 18 68
29893459148520 597 85 69 1 11 14.849 5 18 68
153690876371333 597 85 69 1 11 14.849 5 18 68
6574092976893 597 85 69 1 11 14.849 5 18 68
218094876919457 597 85 69 1 11 14.849 5 18 68
72798020094006 597 85 69 1 11 14.849 5 18 68
56991909756667 597 85 69 1 11 14.849 5 18 68
68112916677541 597 85 69 1 11 14.849 5 18 68
231344103883721 597 85 69 1 11 14.849 5 18 68
219718398855850 597 85 69 1 11 14.849 5 18 68
153629306025914 597 85 69 1 11 14.849 5 18 68
1713895401326 597 85 69 1 11 14.849 5 18 68
224375713023799 597 85 69 1 11 14.849 5 18 68
37013033632610 597 85 69 1 11 14.849 5 18 68
19650887229828 597 85 69 1 11 14.849 5 18 68
102908478873491 597 85 69 1 11 14.849 5 18 68
231226974984184 597 85 69 1 11 14.849 5 18 68
106929095022671 597 85 69 1 11 14.849 5 18 68
98393751979104 597 85 69 1 11 14.849 5 18 68
264300874507764 597 85 69 1 11 14.849 5 18 68
227104437183216 597 85 69 1 11 14.849 5 18 68
270555663824895 597 85 69 1 11 14.849 5 18 68
202815059369422 981 469 965 0 11 14.849 5 14 68
28161151784898 981 469 965 0 11 14.849 5 14 68
71332486439901 981 469 965 0 11 14.849 5 14 68
57113479417217 981 469 965 0 11 14.849 5 14 68
69002622527859 981 469 965 0 11 14.849 5 14 68
71558282577500 981 469 965 0 11 14.849 5 14 68
156520038810040 981 469 965 0 11 14.849 5 14 68
245139686281620 917 405 901 0 11 14.849 5 12 68
52850078551396 954 938 426 1 11 14.849 26 13 68
60470222808051 954 938 426 1 11 14.849 26 13 68
202114690031182 954 938 426 1 11 14.849 26 13 68
36886656680002 954 938 426 1 11 14.849 26 13 68
91536966128221 954 938 426 1 11 14.849 26 13 68
20523086758913 954 938 426 1 11 14.849 26 13 68
67232009378000 954 938 426 1 11 14.849 26 13 68
142856743227227 954 938 426 1 11 14.849 26 13 68
278721707206279 1023 511 1007 0 12 0.707 15 15 68
162052223543298 848 832 320 1 12 0.707 16 10 68
249752969450163 848 832 320 1 12 0.707 16 10 68
257298928228773 848 832 320 1 12 0.707 16 10 68
35206614798703 848 832 320 1 12 0.707 16 10 68
193551421155976 848 832 320 1 12 0.707 16 10 68
198539494000413 848 832 320 1 12 0.707 16 10 68
42201461590257 848 832 320 1 12 0.707 16 10 68
54050343744705 848 832 320 1 12 0.707 16 10 68
114146088864953 848 832 320 1 12 0.707 16 10 68
153088608933978 848 832 320 1 12 0.707 16 10 68
159806387575310 848 832 320 1 12 0.707 16 10 68
92337728158194 848 832 320 1 12 0.707 16 10 68
228980009544794 959 447 943 0 12 0.707 15 13 68
62589832466617 959 447 943 0 12 0.707 15 13 68
209213806316317 959 447 943 0 12 0.707 15 13 68
148340609730923 959 447 943 0 12 0.707 15 13 68
58559231047401 959 447 943 0 12 0.707 15 13 68
178389313887924 959 447 943 0 12 0.707 15 13 68
51386895753958 959 447 943 0 12 0.707 15 13 68
109832310437962 959 447 943 0 12 0.707 15 13 68
260025645602695 48 544 32 2 12 0.707 16 17 68
49710259882008 767 255 239 1 12 0.707 15 23 68
92982517132767 16 512 0 2 12 0.707 16 16 68
237996414878243 16 512 0 2 12 0.707 16 16 68
64589865593282 16 512 0 2 12 0.707 16 16 68
204134244197092 16 512 0 2 12 0.707 16 16 68
138370733990328 16 512 0 2 12 0.707 16 16 68
230564213315457 16 512 0 2 12 0.707 16 16 68
50098535488 543 31 15 1 12 0.707 15 16 68
179101118651680 671 159 143 1 12 0.707 15 20 68
66239719424316 80 576 64 2 12 0.707 16 18 68
85178008688030 80 576 64 2 12 0.707 16 18 68
132028000719045 80 576 64 2 12 0.707 16 18 68
140238505268099 80 576 64 2 12 0.707 16 18 68
217622557827345 80 576 64 2 12 0.707 16 18 68
31007177075923 80 576 64 2 12 0.707 16 18 68
171560034319512 80 576 64 2 12 0.707 16 18 68
212577993369506 80 576 64 2 12 0.707 16 18 68
114343707130459 880 864 352 1 12 0.707 16 11 68
211664181933156 880 864 352 1 12 0.707 16 11 68
267570428563408 880 864 352 1 12 0.707 16 11 68
104511767999837 880 864 352 1 12 0.707 16 11 68
42238889812319 880 864 352 1 12 0.707 16 11 68
184057966288206 880 864 352 1 12 0.707 16 11 68
249955595138874 976 960 448 1 12 0.707 16 14 68
230604706834995 976 960 448 1 12 0.707 16 14 68
277053048143388 976 960 448 1 12 0.707 16 14 68
231164509004825 976 960 448 1 12 0.707 16 14 68
245987174133414 703 191 175 1 12 0.707 15 21 68
168169165621650 784 768 256 1 12 0.707 16 8 68
279632290804725 784 768 256 1 12 0.707 16 8 68
169247433601820 784 768 256 1 12 0.707 16 8 68
102976997911347 784 768 256 1 12 0.707 16 8 68
63554643871442 574 62 46 1 12 2.121 14 17 68
241923236735220 17 513 1 2 12 2.121 17 16 68
221425027943564 574 62 46 1 12 2.121 14 17 68
68965243501861 574 62 46 1 12 2.121 14 17 68
112007173192568 574 62 46 1 12 2.121 14 17 68
69764789090531 574 62 46 1 12 2.121 14 17 68
263607698082174 574 62 46 1 12 2.121 14 17 68
113914701519474 574 62 46 1 12 2.121 14 17 68
77909864370893 574 62 46 1 12 2.121 14 17 68
157673540879189 574 62 46 1 12 2.121 14 17 68
105323896982173 49 545 33 2 12 2.121 17 17 68
12684909123027 945 929 417 1 12 2.121 17 13 68
238513576961576 945 929 417 1 12 2.121 17 13 68
130038781074696 241 737 225 2 12 2.121 17 23 68
178656526384858 241 737 225 2 12 2.121 17 23 68
23238943344782 241 737 225 2 12 2.121 17 23 68
279727317494255 241 737 225 2 12 2.121 17 23 68
274560363828019 241 737 225 2 12 2.121 17 23 68
27192759582225 241 737 225 2 12 2.121 17 23 68
233651369611666 241 737 225 2 12 2.121 17 23 68
5298997515572 241 737 225 2 12 2.121 17 23 68
198832726152606 241 737 225 2 12 2.121 17 23 68
112686746022629 1009 993 481 1 12 2.121 17 15 68
116986239877238 1009 993 481 1 12 2.121 17 15 68
271137472671564 1009 993 481 1 12 2.121 17 15 68
187385757857911 1009 993 481 1 12 2.121 17 15 68
44008982755268 1009 993 481 1 12 2.121 17 15 68
45591205399101 1009 993 481 1 12 2.121 17 15 68
118637560304699 1009 993 481 1 12 2.121 17 15 68
242138001556784 1009 993 481 1 12 2.121 17 15 68
94037845310339 766 254 238 1 12 2.121 14 23 68
147543736647551 49 545 33 2 12 2.121 17 17 68
164665561810654 49 545 33 2 12 2.121 17 17 68
135987472537823 926 414 910 0 12 2.121 14 12 68
44578584386851 926 414 910 0 12 2.121 14 12 68
71937244432568 926 414 910 0 12 2.121 14 12 68
277357077661764 977 961 449 1 12 2.121 17 14 68
177849099205678 977 961 449 1 12 2.121 17 14 68
80939854073021 977 961 449 1 12 2.121 17 14 68
218871646186928 977 961 449 1 12 2.121 17 14 68
212260149193605 17 513 1 2 12 2.121 17 16 68
279224944700268 17 513 1 2 12 2.121 17 16 68
40348018483432 17 513 1 2 12 2.121 17 16 68
263309321188706 17 513 1 2 12 2.121 17 16 68
41397530702936 17 513 1 2 12 2.121 17 16 68
114183736218111 17 513 1 2 12 2.121 17 16 68
222679872966723 17 513 1 2 12 2.121 17 16 68
91688148785555 17 513 1 2 12 2.121 17 16 68
70353514880055 241 737 225 2 12 2.121 17 23 68
43225906028185 81 577 65 2 12 2.121 17 18 68
196262927002612 978 962 450 1 12 3.536 18 14 68
14262278441190 818 802 290 1 12 3.536 18 9 68
21993168884629 818 802 290 1 12 3.536 18 9 68
42545507696313 818 802 290 1 12 3.536 18 9 68
188672079676400 946 930 418 1 12 3.536 18 13 68
233350497263758 605 93 77 1 12 3.536 13 18 68
92977596038195 989 477 973 0 12 3.536 13 14 68
178013048540901 946 930 418 1 12 3.536 18 13 68
159538819319906 829 317 813 0 12 3.536 13 9 68
154913383291709 829 317 813 0 12 3.536 13 9 68
95360852884795 829 317 813 0 12 3.536 13 9 68
182981183419588 829 317 813 0 12 3.536 13 9 68
159583958475749 829 317 813 0 12 3.536 13 9 68
256546346090145 829 317 813 0 12 3.536 13 9 68
235417501792265 829 317 813 0 12 3.536 13 9 68
76684769994102 829 317 813 0 12 3.536 13 9 68
9276189379261 573 61 45 1 12 3.536 13 17 68
247202019200396 573 61 45 1 12 3.536 13 17 68
10767838172643 573 61 45 1 12 3.536 13 17 68
115849675879344 573 61 45 1 12 3.536 13 17 68
203598762937447 828 316 812 0 12 4.950 12 9 68
216448535195046 828 316 812 0 12 4.950 12 9 68
5016506718688 828 316 812 0 12 4.950 12 9 68
121463500545442 115 611 99 2 12 4.950 19 19 68
116932310249283 1020 508 1004 0 12 4.950 12 15 68
3266179126892 1020 508 1004 0 12 4.950 12 15 68
48347156583977 988 476 972 0 12 4.950 12 14 68
838781503510 988 476 972 0 12 4.950 12 14 68
208523989327593 924 412 908 0 12 4.950 12 12 68
203178015355186 988 476 972 0 12 4.950 12 14 68
36402068394265 955 443 939 0 12 6.364 11 13 68
113973887832944 52 548 36 2 12 6.364 20 17 68
82794491413686 52 548 36 2 12 6.364 20 17 68
22389907400059 52 548 36 2 12 6.364 20 17 68
125051752804138 52 548 36 2 12 6.364 20 17 68
139709485928923 20 516 4 2 12 6.364 20 16 68
218847520651986 987 475 971 0 12 6.364 11 14 68
101862764789443 987 475 971 0 12 6.364 11 14 68
276145030958296 987 475 971 0 12 6.364 11 14 68
242783635768392 987 475 971 0 12 6.364 11 14 68
231000763934300 987 475 971 0 12 6.364 11 14 68
205693271338037 987 475 971 0 12 6.364 11 14 68
214533762511356 852 836 324 1 12 6.364 20 10 68
215658296805748 603 91 75 1 12 6.364 11 18 68
273368152515889 603 91 75 1 12 6.364 11 18 68
120526080420498 987 475 971 0 12 6.364 11 14 68
77407286258010 820 804 292 1 12 6.364 20 9 68
218457288899342 820 804 292 1 12 6.364 20 9 68
260764700202607 820 804 292 1 12 6.364 20 9 68
174778039642035 820 804 292 1 12 6.364 20 9 68
69004538568337 820 804 292 1 12 6.364 20 9 68
157330076431240 820 804 292 1 12 6.364 20 9 68
120286855469389 603 91 75 1 12 6.364 11 18 68
260277283127822 948 932 420 1 12 6.364 20 13 68
251132479240332 634 122 106 1 12 7.778 10 19 68
177134950325174 634 122 106 1 12 7.778 10 19 68
184071810551399 634 122 106 1 12 7.778 10 19 68
210697557924133 634 122 106 1 12 7.778 10 19 68
23181237457225 634 122 106 1 12 7.778 10 19 68
18698246894891 634 122 106 1 12 7.778 10 19 68
238668060443616 634 122 106 1 12 7.778 10 19 68
153215064909947 634 122 106 1 12 7.778 10 19 68
119831501759955 277 773 261 2 12 7.778 21 24 68
273808153467755 277 773 261 2 12 7.778 21 24 68
93767033679022 277 773 261 2 12 7.778 21 24 68
90758949710479 277 773 261 2 12 7.778 21 24 68
184010406655528 277 773 261 2 12 7.778 21 24 68
241938720460348 277 773 261 2 12 7.778 21 24 68
68353311031463 277 773 261 2 12 7.778 21 24 68
106815669331861 277 773 261 2 12 7.778 21 24 68
148631951858464 277 773 261 2 12 7.778 21 24 68
181656177044710 277 773 261 2 12 7.778 21 24 68
270463663122354 277 773 261 2 12 7.778 21 24 68
88180592988857 277 773 261 2 12 7.778 21 24 68
202529801042952 885 869 357 1 12 7.778 21 11 68
145510952946204 885 869 357 1 12 7.778 21 11 68
32779983996467 885 869 357 1 12 7.778 21 11 68
196185044201359 885 869 357 1 12 7.778 21 11 68
201060908292279 885 869 357 1 12 7.778 21 11 68
129038751589178 885 869 357 1 12 7.778 21 11 68
194279362292462 885 869 357 1 12 7.778 21 11 68
268290698430587 885 869 357 1 12 7.778 21 11 68
972619300648 885 869 357 1 12 7.778 21 11 68
278797548348016 885 869 357 1 12 7.778 21 11 68
158339799304317 885 869 357 1 12 7.778 21 11 68
227006346939175 885 869 357 1 12 7.778 21 11 68
106723621445657 885 869 357 1 12 7.778 21 11 68
221115856777163 885 869 357 1 12 7.778 21 11 68
239144974088655 885 869 357 1 12 7.778 21 11 68
187208582543620 885 869 357 1 12 7.778 21 11 68
201561466210037 885 869 357 1 12 7.778 21 11 68
174003682126330 885 869 357 1 12 7.778 21 11 68
97265258468738 885 869 357 1 12 7.778 21 11 68
119487829282222 885 869 357 1 12 7.778 21 11 68
217733029312753 885 869 357 1 12 7.778 21 11 68
206465750718612 885 869 357 1 12 7.778 21 11 68
245496245613510 885 869 357 1 12 7.778 21 11 68
60438445936232 885 869 357 1 12 7.778 21 11 68
200665112744921 885 869 357 1 12 7.778 21 11 68
250106548960321 885 869 357 1 12 7.778 21 11 68
278388482559577 853 837 325 1 12 7.778 21 10 68
26235453614781 853 837 325 1 12 7.778 21 10 68
165525281167196 853 837 325 1 12 7.778 21 10 68
247411827873704 853 837 325 1 12 7.778 21 10 68
85317966910991 853 837 325 1 12 7.778 21 10 68
180408371816058 853 837 325 1 12 7.778 21 10 68
102655325958702 853 837 325 1 12 7.778 21 10 68
128639155358880 853 837 325 1 12 7.778 21 10 68
223930898629222 853 837 325 1 12 7.778 21 10 68
264119363401493 853 837 325 1 12 7.778 21 10 68
65830694124583 853 837 325 1 12 7.778 21 10 68
252851312978147 602 90 74 1 12 7.778 10 18 68
163646685836548 53 549 37 2 12 7.778 21 17 68
7887258948731 53 549 37 2 12 7.778 21 17 68
187434207100606 53 549 37 2 12 7.778 21 17 68
185650024165930 53 549 37 2 12 7.778 21 17 68
191352621455286 53 549 37 2 12 7.778 21 17 68
47952482104445 53 549 37 2 12 7.778 21 17 68
252811929776161 53 549 37 2 12 7.778 21 17 68
212025528289006 53 549 37 2 12 7.778 21 17 68
4067393691076 570 58 42 1 12 7.778 10 17 68
31832268399256 570 58 42 1 12 7.778 10 17 68
33094632288225 570 58 42 1 12 7.778 10 17 68
134617485804424 85 581 69 2 12 7.778 21 18 68
59824328341427 85 581 69 2 12 7.778 21 18 68
274192417793647 85 581 69 2 12 7.778 21 18 68
6884121103336 855 839 327 1 12 10.607 23 10 68
120498735312892 855 839 327 1 12 10.607 23 10 68
143976162595213 855 839 327 1 12 10.607 23 10 68
276807903926078 855 839 327 1 12 10.607 23 10 68
82287863134293 855 839 327 1 12 10.607 23 10 68
172717488239782 855 839 327 1 12 10.607 23 10 68
219642584213651 855 839 327 1 12 10.607 23 10 68
16802664924715 855 839 327 1 12 10.607 23 10 68
149374853278830 855 839 327 1 12 10.607 23 10 68
46702828488535 919 903 391 1 12 10.607 23 12 68
28119840304956 919 903 391 1 12 10.607 23 12 68
266926541388727 600 88 72 1 12 10.607 8 18 68
104128951867676 600 88 72 1 12 10.607 8 18 68
40937891421260 1016 1000 488 1 12 12.021 24 15 68
25728431015719 1016 1000 488 1 12 12.021 24 15 68
97147341706382 854 342 838 0 12 13.435 6 10 68
128974134933135 25 521 9 2 12 13.435 25 16 68
178325364971325 25 521 9 2 12 13.435 25 16 68
8539337279662 25 521 9 2 12 13.435 25 16 68
210848638571916 917 405 901 0 12 14.849 5 12 68
184605640079413 895 383 879 0 13 0.707 15 11 68
169645943752617 607 95 79 1 13 0.707 15 18 68
110532824955866 17 513 1 2 13 2.121 17 16 68
201797480583581 948 932 420 1 13 6.364 20 13 68
169793762247076 599 87 71 1 13 12.021 7 18 68
226154197501249 599 87 71 1 13 12.021 7 18 68
158211839670067 599 87 71 1 13 12.021 7 18 68
160820784149122 599 87 71 1 13 12.021 7 18 68
4575978036366 599 87 71 1 13 12.021 7 18 68
