175429257060690 24 520 8 2 11 12.021 24 16 64
220247007311569 24 520 8 2 11 12.021 24 16 64
85505166479541 24 520 8 2 11 12.021 24 16 64
260141665806023 24 520 8 2 11 12.021 24 16 64
80411307464640 24 520 8 2 11 12.021 24 16 64
28983597254344 24 520 8 2 11 12.021 24 16 64
280921071300828 24 520 8 2 11 12.021 24 16 64
120774628921819 919 407 903 0 11 12.021 7 12 64
13661207114212 919 407 903 0 11 12.021 7 12 64
133323739369188 792 776 264 1 11 12.021 24 8 64
12377160250472 887 375 871 0 11 12.021 7 11 64
13196376170016 1015 503 999 0 11 12.021 7 15 64
262391221557030 184 680 168 2 11 12.021 24 21 64
88678269292160 184 680 168 2 11 12.021 24 21 64
63241460251156 184 680 168 2 11 12.021 24 21 64
163171279084363 184 680 168 2 11 12.021 24 21 64
138813911448911 184 680 168 2 11 12.021 24 21 64
196043864394411 184 680 168 2 11 12.021 24 21 64
98447185864890 184 680 168 2 11 12.021 24 21 64
199212733750910 184 680 168 2 11 12.021 24 21 64
94321089089951 184 680 168 2 11 12.021 24 21 64
276656506403274 184 680 168 2 11 12.021 24 21 64
176199988236532 184 680 168 2 11 12.021 24 21 64
157816997648504 184 680 168 2 11 12.021 24 21 64
144912337366225 184 680 168 2 11 12.021 24 21 64
100950039425997 184 680 168 2 11 12.021 24 21 64
43456507430691 983 471 967 0 11 12.021 7 14 64
214614840962062 695 183 167 1 11 12.021 7 21 64
265122103455231 695 183 167 1 11 12.021 7 21 64
16035025644611 695 183 167 1 11 12.021 7 21 64
79453286408418 695 183 167 1 11 12.021 7 21 64
170451280751261 695 183 167 1 11 12.021 7 21 64
120809726114659 695 183 167 1 11 12.021 7 21 64
69892151288741 695 183 167 1 11 12.021 7 21 64
248133964235735 695 183 167 1 11 12.021 7 21 64
236798961115490 695 183 167 1 11 12.021 7 21 64
94778565851128 695 183 167 1 11 12.021 7 21 64
198955116583426 695 183 167 1 11 12.021 7 21 64
42616614137732 695 183 167 1 11 12.021 7 21 64
208330217007120 695 183 167 1 11 12.021 7 21 64
210537392013400 695 183 167 1 11 12.021 7 21 64
86077704806081 695 183 167 1 11 12.021 7 21 64
85438343623321 695 183 167 1 11 12.021 7 21 64
61326866541729 695 183 167 1 11 12.021 7 21 64
131522215595187 695 183 167 1 11 12.021 7 21 64
5739972290359 695 183 167 1 11 12.021 7 21 64
46950177374876 695 183 167 1 11 12.021 7 21 64
38186804623262 1015 503 999 0 11 12.021 7 15 64
148318044701303 1015 503 999 0 11 12.021 7 15 64
45861655200829 1015 503 999 0 11 12.021 7 15 64
91594461197818 1015 503 999 0 11 12.021 7 15 64
198693309819332 1015 503 999 0 11 12.021 7 15 64
80714907073343 1015 503 999 0 11 12.021 7 15 64
235216340809962 1015 503 999 0 11 12.021 7 15 64
57906873243440 1015 503 999 0 11 12.021 7 15 64
72155567046722 1015 503 999 0 11 12.021 7 15 64
152098380874358 1015 503 999 0 11 12.021 7 15 64
75774318782503 1015 503 999 0 11 12.021 7 15 64
192640920232268 1015 503 999 0 11 12.021 7 15 64
20079792844005 1015 503 999 0 11 12.021 7 15 64
277641819623689 1015 503 999 0 11 12.021 7 15 64
234444917952347 1015 503 999 0 11 12.021 7 15 64
90798613194912 1015 503 999 0 11 12.021 7 15 64
201023155412532 1015 503 999 0 11 12.021 7 15 64
258824557855745 1015 503 999 0 11 12.021 7 15 64
41012518368365 1015 503 999 0 11 12.021 7 15 64
15754025966315 1015 503 999 0 11 12.021 7 15 64
72131024407908 1015 503 999 0 11 12.021 7 15 64
18015196664888 1015 503 999 0 11 12.021 7 15 64
151157673526734 1015 503 999 0 11 12.021 7 15 64
96209923966559 1015 503 999 0 11 12.021 7 15 64
24249667846819 1015 503 999 0 11 12.021 7 15 64
165426403863662 855 343 839 0 11 12.021 7 10 64
25265644800282 24 520 8 2 11 12.021 24 16 64
64981421112027 631 119 103 1 11 12.021 7 19 64
152571084080566 887 375 871 0 11 12.021 7 11 64
28466691332042 599 87 71 1 11 12.021 7 18 64
142799637448312 599 87 71 1 11 12.021 7 18 64
82432759807788 599 87 71 1 11 12.021 7 18 64
185743316428905 599 87 71 1 11 12.021 7 18 64
1791976048543 599 87 71 1 11 12.021 7 18 64
142882788605187 599 87 71 1 11 12.021 7 18 64
64905157524608 599 87 71 1 11 12.021 7 18 64
138850535127217 599 87 71 1 11 12.021 7 18 64
155696025976967 599 87 71 1 11 12.021 7 18 64
84324966121422 727 215 199 1 11 12.021 7 22 64
209514329048961 727 215 199 1 11 12.021 7 22 64
93513211244648 759 247 231 1 11 12.021 7 23 64
171090159724245 759 247 231 1 11 12.021 7 23 64
31155917642738 759 247 231 1 11 12.021 7 23 64
274210469871041 535 23 7 1 11 12.021 7 16 64
164244745399550 535 23 7 1 11 12.021 7 16 64
227990408591437 535 23 7 1 11 12.021 7 16 64
136565492238372 535 23 7 1 11 12.021 7 16 64
70622757186296 535 23 7 1 11 12.021 7 16 64
38932555903232 535 23 7 1 11 12.021 7 16 64
238922920692255 535 23 7 1 11 12.021 7 16 64
34740502262371 535 23 7 1 11 12.021 7 16 64
179448929038739 631 119 103 1 11 12.021 7 19 64
106108396973410 631 119 103 1 11 12.021 7 19 64
206052274319726 631 119 103 1 11 12.021 7 19 64
26878747150497 631 119 103 1 11 12.021 7 19 64
164605176900696 631 119 103 1 11 12.021 7 19 64
136127115114151 759 247 743 0 11 12.021 7 7 64
205388927391183 1016 1000 488 1 11 12.021 24 15 64
103331900837690 1016 1000 488 1 11 12.021 24 15 64
268342195392251 24 520 8 2 11 12.021 24 16 64
20446133508150 24 520 8 2 11 12.021 24 16 64
264812099837298 790 278 262 1 11 13.435 6 24 64
224140746751994 790 278 262 1 11 13.435 6 24 64
48129517143947 790 278 262 1 11 13.435 6 24 64
31273992679164 694 182 166 1 11 13.435 6 21 64
182662104607353 694 182 166 1 11 13.435 6 21 64
155250565008275 694 182 166 1 11 13.435 6 21 64
215192211483671 694 182 166 1 11 13.435 6 21 64
227430331074940 758 246 230 1 11 13.435 6 23 64
116164452861909 758 246 230 1 11 13.435 6 23 64
218009734154625 281 777 265 2 11 13.435 25 24 64
203347130148223 662 150 134 1 11 13.435 6 20 64
152863192823356 630 118 102 1 11 13.435 6 19 64
13138582548373 630 118 102 1 11 13.435 6 19 64
123374260216994 566 54 38 1 11 13.435 6 17 64
229054498399446 566 54 38 1 11 13.435 6 17 64
219185621509435 566 54 38 1 11 13.435 6 17 64
130156230247996 566 54 38 1 11 13.435 6 17 64
74421846391159 566 54 38 1 11 13.435 6 17 64
10799406515005 566 54 38 1 11 13.435 6 17 64
6883935771361 566 54 38 1 11 13.435 6 17 64
173294638566572 566 54 38 1 11 13.435 6 17 64
72039200795321 566 54 38 1 11 13.435 6 17 64
122336957972487 566 54 38 1 11 13.435 6 17 64
217271014455856 566 54 38 1 11 13.435 6 17 64
76396332716607 566 54 38 1 11 13.435 6 17 64
86530475697283 566 54 38 1 11 13.435 6 17 64
75056407608516 566 54 38 1 11 13.435 6 17 64
29154223040294 566 54 38 1 11 13.435 6 17 64
262162554991000 566 54 38 1 11 13.435 6 17 64
100400873514158 566 54 38 1 11 13.435 6 17 64
237553764171219 566 54 38 1 11 13.435 6 17 64
57266381328983 566 54 38 1 11 13.435 6 17 64
181367023189871 566 54 38 1 11 13.435 6 17 64
120200288538202 566 54 38 1 11 13.435 6 17 64
280760894036651 566 54 38 1 11 13.435 6 17 64
118134561851845 566 54 38 1 11 13.435 6 17 64
109480296543635 565 53 37 1 11 14.849 5 17 64
187423222543895 565 53 37 1 11 14.849 5 17 64
277770053198076 565 53 37 1 11 14.849 5 17 64
225530852486305 565 53 37 1 11 14.849 5 17 64
227291916247394 565 53 37 1 11 14.849 5 17 64
19054714927156 885 373 869 0 11 14.849 5 11 64
159291324443250 762 746 234 1 11 14.849 26 7 64
53841102120817 762 746 234 1 11 14.849 26 7 64
196489922119907 762 746 234 1 11 14.849 26 7 64
75186749680643 891 875 363 1 11 16.263 27 11 64
134863584354194 891 875 363 1 11 16.263 27 11 64
196849604025373 1023 511 1007 0 12 0.707 15 15 64
180049142751578 1023 511 1007 0 12 0.707 15 15 64
54983138602607 1023 511 1007 0 12 0.707 15 15 64
277401077909359 671 159 143 1 12 0.707 15 20 64
112429644701122 112 608 96 2 12 0.707 16 19 64
153336448691195 799 287 783 0 12 0.707 15 8 64
244034849333558 799 287 783 0 12 0.707 15 8 64
61120800043946 799 287 783 0 12 0.707 15 8 64
231277232040137 799 287 783 0 12 0.707 15 8 64
54795945572397 799 287 783 0 12 0.707 15 8 64
111857388810259 735 223 207 1 12 0.707 15 22 64
220841682656636 735 223 207 1 12 0.707 15 22 64
195537734700613 959 447 943 0 12 0.707 15 13 64
252108503529260 959 447 943 0 12 0.707 15 13 64
240153675852578 959 447 943 0 12 0.707 15 13 64
3474949126352 240 736 224 2 12 0.707 16 23 64
225599869905050 240 736 224 2 12 0.707 16 23 64
130058217511319 240 736 224 2 12 0.707 16 23 64
191234301882203 240 736 224 2 12 0.707 16 23 64
62388727411293 240 736 224 2 12 0.707 16 23 64
68336277680976 959 447 943 0 12 0.707 15 13 64
194049737611227 959 447 943 0 12 0.707 15 13 64
227086297954061 959 447 943 0 12 0.707 15 13 64
201495413091180 959 447 943 0 12 0.707 15 13 64
17863269499402 959 447 943 0 12 0.707 15 13 64
199671877631168 959 447 943 0 12 0.707 15 13 64
148612381344169 959 447 943 0 12 0.707 15 13 64
158431432718047 959 447 943 0 12 0.707 15 13 64
109166926502423 959 447 943 0 12 0.707 15 13 64
19144991469540 959 447 943 0 12 0.707 15 13 64
273305448018326 959 447 943 0 12 0.707 15 13 64
266304214265565 959 447 943 0 12 0.707 15 13 64
207778425704065 944 928 416 1 12 0.707 16 13 64
136965313286895 913 897 385 1 12 2.121 17 12 64
72698120051178 1022 510 1006 0 12 2.121 14 15 64
39422451438454 1022 510 1006 0 12 2.121 14 15 64
122151129157680 1022 510 1006 0 12 2.121 14 15 64
271374824621573 1022 510 1006 0 12 2.121 14 15 64
102349701907259 1022 510 1006 0 12 2.121 14 15 64
74214549267053 913 897 385 1 12 2.121 17 12 64
217446853789146 913 897 385 1 12 2.121 17 12 64
264810348435691 913 897 385 1 12 2.121 17 12 64
240556767927968 913 897 385 1 12 2.121 17 12 64
204535868032102 913 897 385 1 12 2.121 17 12 64
220931292788001 926 414 910 0 12 2.121 14 12 64
228836544726532 926 414 910 0 12 2.121 14 12 64
12559012265966 926 414 910 0 12 2.121 14 12 64
243259656691152 145 641 129 2 12 2.121 17 20 64
264306104902244 145 641 129 2 12 2.121 17 20 64
22449639906141 145 641 129 2 12 2.121 17 20 64
161176711358581 17 513 1 2 12 2.121 17 16 64
276269677449605 606 94 78 1 12 2.121 14 18 64
116136879850072 606 94 78 1 12 2.121 14 18 64
267302625185686 606 94 78 1 12 2.121 14 18 64
146630929969175 606 94 78 1 12 2.121 14 18 64
99098177429238 17 513 1 2 12 2.121 17 16 64
212806686130975 113 609 97 2 12 2.121 17 19 64
169899087720958 113 609 97 2 12 2.121 17 19 64
75085813636608 113 609 97 2 12 2.121 17 19 64
158954357754189 113 609 97 2 12 2.121 17 19 64
203733442802080 990 478 974 0 12 2.121 14 14 64
102489062058474 990 478 974 0 12 2.121 14 14 64
174969989750281 990 478 974 0 12 2.121 14 14 64
216619136131203 990 478 974 0 12 2.121 14 14 64
20755090644376 990 478 974 0 12 2.121 14 14 64
249520076844444 861 349 845 0 12 3.536 13 10 64
18815844641552 989 477 973 0 12 3.536 13 14 64
271350979501637 989 477 973 0 12 3.536 13 14 64
132666670289001 989 477 973 0 12 3.536 13 14 64
120221320610944 989 477 973 0 12 3.536 13 14 64
41999166870683 989 477 973 0 12 3.536 13 14 64
109061034336202 989 477 973 0 12 3.536 13 14 64
211472319988566 989 477 973 0 12 3.536 13 14 64
111451744732972 989 477 973 0 12 3.536 13 14 64
279033575968642 541 29 13 1 12 3.536 13 16 64
223902210045738 50 546 34 2 12 3.536 18 17 64
195024680898175 50 546 34 2 12 3.536 18 17 64
162420724788809 50 546 34 2 12 3.536 18 17 64
82048739039960 50 546 34 2 12 3.536 18 17 64
243942488643515 851 835 323 1 12 4.950 19 10 64
108105581536944 851 835 323 1 12 4.950 19 10 64
131964753160685 851 835 323 1 12 4.950 19 10 64
224451584578666 851 835 323 1 12 4.950 19 10 64
40996622290111 851 835 323 1 12 4.950 19 10 64
83273238384395 851 835 323 1 12 4.950 19 10 64
92196514766095 851 835 323 1 12 4.950 19 10 64
121773883441364 851 835 323 1 12 4.950 19 10 64
210459689349498 851 835 323 1 12 4.950 19 10 64
265627656170798 851 835 323 1 12 4.950 19 10 64
143175563219268 851 835 323 1 12 4.950 19 10 64
48393558596029 851 835 323 1 12 4.950 19 10 64
280893169794851 892 380 876 0 12 4.950 12 11 64
231942623968287 924 412 908 0 12 4.950 12 12 64
131383282090982 860 348 844 0 12 4.950 12 10 64
45786794286521 860 348 844 0 12 4.950 12 10 64
141537755318193 892 380 876 0 12 4.950 12 11 64
50326499496638 892 380 876 0 12 4.950 12 11 64
276000661821962 892 380 876 0 12 4.950 12 11 64
143062436952489 892 380 876 0 12 4.950 12 11 64
128301320515341 892 380 876 0 12 4.950 12 11 64
219519080476383 892 380 876 0 12 4.950 12 11 64
196802069287715 892 380 876 0 12 4.950 12 11 64
223131410155492 892 380 876 0 12 4.950 12 11 64
43584657757880 892 380 876 0 12 4.950 12 11 64
14414225326209 892 380 876 0 12 4.950 12 11 64
217502756098011 892 380 876 0 12 4.950 12 11 64
279922097319444 147 643 131 2 12 4.950 19 20 64
255292580215994 147 643 131 2 12 4.950 19 20 64
214393017547886 147 643 131 2 12 4.950 19 20 64
41682248875851 147 643 131 2 12 4.950 19 20 64
207417030451535 147 643 131 2 12 4.950 19 20 64
275310863922814 892 380 876 0 12 4.950 12 11 64
98182194796661 979 963 451 1 12 4.950 19 14 64
169140519711558 979 963 451 1 12 4.950 19 14 64
234983642409369 979 963 451 1 12 4.950 19 14 64
173664247331399 147 643 131 2 12 4.950 19 20 64
253470204245714 147 643 131 2 12 4.950 19 20 64
176044430173351 84 580 68 2 12 6.364 20 18 64
233925278001655 84 580 68 2 12 6.364 20 18 64
59655653527328 84 580 68 2 12 6.364 20 18 64
79140145930247 116 612 100 2 12 6.364 20 19 64
96397155595292 84 580 68 2 12 6.364 20 18 64
137149467667910 84 580 68 2 12 6.364 20 18 64
75398413981941 84 580 68 2 12 6.364 20 18 64
51841592016157 635 123 107 1 12 6.364 11 19 64
86874454907931 635 123 107 1 12 6.364 11 19 64
194401615151396 635 123 107 1 12 6.364 11 19 64
195542493339792 635 123 107 1 12 6.364 11 19 64
50628543757526 635 123 107 1 12 6.364 11 19 64
207333072849495 635 123 107 1 12 6.364 11 19 64
119357269131717 635 123 107 1 12 6.364 11 19 64
49217995684781 635 123 107 1 12 6.364 11 19 64
128913116810217 635 123 107 1 12 6.364 11 19 64
51264790162437 852 836 324 1 12 6.364 20 10 64
17935964113451 1019 507 1003 0 12 6.364 11 15 64
164075223731424 1019 507 1003 0 12 6.364 11 15 64
14512475412084 1019 507 1003 0 12 6.364 11 15 64
42845734622055 1019 507 1003 0 12 6.364 11 15 64
206404724958637 1019 507 1003 0 12 6.364 11 15 64
115064612343629 986 474 970 0 12 7.778 10 14 64
158914931214548 922 410 906 0 12 7.778 10 12 64
44700282755396 922 410 906 0 12 7.778 10 12 64
104871627159307 922 410 906 0 12 7.778 10 12 64
276506622834009 922 410 906 0 12 7.778 10 12 64
251030374767422 922 410 906 0 12 7.778 10 12 64
226001475027389 922 410 906 0 12 7.778 10 12 64
110765874624890 922 410 906 0 12 7.778 10 12 64
231319233398157 922 410 906 0 12 7.778 10 12 64
34390922112688 922 410 906 0 12 7.778 10 12 64
267021025304206 922 410 906 0 12 7.778 10 12 64
95415636690042 949 933 421 1 12 7.778 21 13 64
180471131548000 666 154 138 1 12 7.778 10 20 64
114909061673254 666 154 138 1 12 7.778 10 20 64
157989968374955 666 154 138 1 12 7.778 10 20 64
102925754178761 666 154 138 1 12 7.778 10 20 64
131699083776877 634 122 106 1 12 7.778 10 19 64
163693772534762 634 122 106 1 12 7.778 10 19 64
228603254782153 21 517 5 2 12 7.778 21 16 64
61776263074316 21 517 5 2 12 7.778 21 16 64
92768892342292 1013 997 485 1 12 7.778 21 15 64
229140212355731 1013 997 485 1 12 7.778 21 15 64
49096337580823 1013 997 485 1 12 7.778 21 15 64
42457967564401 1013 997 485 1 12 7.778 21 15 64
162443041960533 1013 997 485 1 12 7.778 21 15 64
259006769765864 1013 997 485 1 12 7.778 21 15 64
86390178439676 1013 997 485 1 12 7.778 21 15 64
97309429982578 1013 997 485 1 12 7.778 21 15 64
42797819025767 1013 997 485 1 12 7.778 21 15 64
227834222999929 1013 997 485 1 12 7.778 21 15 64
90718447590223 1013 997 485 1 12 7.778 21 15 64
95702657054374 1013 997 485 1 12 7.778 21 15 64
240779603296525 789 773 261 1 12 7.778 21 8 64
151778778103362 53 549 37 2 12 7.778 21 17 64
267621200339512 53 549 37 2 12 7.778 21 17 64
82984682558181 53 549 37 2 12 7.778 21 17 64
150070850378227 53 549 37 2 12 7.778 21 17 64
83668636424311 53 549 37 2 12 7.778 21 17 64
34576270084609 53 549 37 2 12 7.778 21 17 64
32110436200259 53 549 37 2 12 7.778 21 17 64
278704522649938 53 549 37 2 12 7.778 21 17 64
184886123303093 53 549 37 2 12 7.778 21 17 64
191555147253448 53 549 37 2 12 7.778 21 17 64
13110189961436 53 549 37 2 12 7.778 21 17 64
141369994453086 151 647 135 2 12 10.607 23 20 64
192107621289727 151 647 135 2 12 10.607 23 20 64
252706012050564 151 647 135 2 12 10.607 23 20 64
101032524055037 151 647 135 2 12 10.607 23 20 64
244489360193503 824 312 808 0 12 10.607 8 9 64
265920499200385 824 312 808 0 12 10.607 8 9 64
55211533489380 824 312 808 0 12 10.607 8 9 64
58430437897144 824 312 808 0 12 10.607 8 9 64
217125421196908 952 440 936 0 12 10.607 8 13 64
236370067243183 824 312 808 0 12 10.607 8 9 64
2777841919582 824 312 808 0 12 10.607 8 9 64
115461824879954 824 312 808 0 12 10.607 8 9 64
116934315987655 824 312 808 0 12 10.607 8 9 64
86511124667203 824 312 808 0 12 10.607 8 9 64
249476524679880 824 312 808 0 12 10.607 8 9 64
97047777538668 824 312 808 0 12 10.607 8 9 64
153186496643793 824 312 808 0 12 10.607 8 9 64
218351427919029 824 312 808 0 12 10.607 8 9 64
152087578904051 824 312 808 0 12 10.607 8 9 64
236807374968401 855 839 327 1 12 10.607 23 10 64
102025898533867 1016 1000 488 1 12 12.021 24 15 64
133844573496685 1016 1000 488 1 12 12.021 24 15 64
275665509217696 1016 1000 488 1 12 12.021 24 15 64
197833263495988 1016 1000 488 1 12 12.021 24 15 64
2113499186022 1016 1000 488 1 12 12.021 24 15 64
22842506043687 1016 1000 488 1 12 12.021 24 15 64
83898022584521 889 873 361 1 12 13.435 25 11 64
85299944435757 889 873 361 1 12 13.435 25 11 64
23024386427524 889 873 361 1 12 13.435 25 11 64
239312712846250 889 873 361 1 12 13.435 25 11 64
81611420134655 889 873 361 1 12 13.435 25 11 64
170658290867552 889 873 361 1 12 13.435 25 11 64
91707671665164 889 873 361 1 12 13.435 25 11 64
12021818700024 985 969 457 1 12 13.435 25 14 64
105708455332013 240 736 224 2 13 0.707 16 23 64
