202985521792531 977 961 449 1 12 2.121 17 14 67
254568212606615 977 961 449 1 12 2.121 17 14 67
146252191635381 977 961 449 1 12 2.121 17 14 67
125582659168666 977 961 449 1 12 2.121 17 14 67
152329337507662 977 961 449 1 12 2.121 17 14 67
83931910473971 977 961 449 1 12 2.121 17 14 67
55148389519609 977 961 449 1 12 2.121 17 14 67
264698529845712 977 961 449 1 12 2.121 17 14 67
28310765261256 977 961 449 1 12 2.121 17 14 67
155372480277372 977 961 449 1 12 2.121 17 14 67
168957189857117 977 961 449 1 12 2.121 17 14 67
278737344517039 977 961 449 1 12 2.121 17 14 67
243587943814235 977 961 449 1 12 2.121 17 14 67
254056684459620 977 961 449 1 12 2.121 17 14 67
255056831777539 1022 510 1006 0 12 2.121 14 15 67
262556325930319 542 30 14 1 12 2.121 14 16 67
174784924107284 542 30 14 1 12 2.121 14 16 67
219062883484574 17 513 1 2 12 2.121 17 16 67
52840126854929 17 513 1 2 12 2.121 17 16 67
110584868020744 17 513 1 2 12 2.121 17 16 67
91651687988359 830 318 814 0 12 2.121 14 9 67
66014875536017 830 318 814 0 12 2.121 14 9 67
174122735250220 830 318 814 0 12 2.121 14 9 67
12965465966610 830 318 814 0 12 2.121 14 9 67
148537996818691 830 318 814 0 12 2.121 14 9 67
277987689066376 830 318 814 0 12 2.121 14 9 67
36020634296244 830 318 814 0 12 2.121 14 9 67
249369324791403 830 318 814 0 12 2.121 14 9 67
170320318816879 830 318 814 0 12 2.121 14 9 67
44918882305504 241 737 225 2 12 2.121 17 23 67
95431069599847 241 737 225 2 12 2.121 17 23 67
25954161308333 241 737 225 2 12 2.121 17 23 67
249151056301867 241 737 225 2 12 2.121 17 23 67
195246483480808 606 94 78 1 12 2.121 14 18 67
112390021551212 606 94 78 1 12 2.121 14 18 67
87259461316434 606 94 78 1 12 2.121 14 18 67
236985725439320 606 94 78 1 12 2.121 14 18 67
162164036482371 606 94 78 1 12 2.121 14 18 67
632922528147 606 94 78 1 12 2.121 14 18 67
117132337302727 606 94 78 1 12 2.121 14 18 67
56138761197701 606 94 78 1 12 2.121 14 18 67
16094558227654 638 126 110 1 12 2.121 14 19 67
143413337406993 638 126 110 1 12 2.121 14 19 67
75997379533813 638 126 110 1 12 2.121 14 19 67
77516557177863 638 126 110 1 12 2.121 14 19 67
253766428250514 638 126 110 1 12 2.121 14 19 67
184775474147500 638 126 110 1 12 2.121 14 19 67
161713914935427 638 126 110 1 12 2.121 14 19 67
68605095951813 638 126 110 1 12 2.121 14 19 67
270464437485212 177 673 161 2 12 2.121 17 21 67
3788519867638 81 577 65 2 12 2.121 17 18 67
122589160029943 81 577 65 2 12 2.121 17 18 67
36307751804093 81 577 65 2 12 2.121 17 18 67
245833312018554 81 577 65 2 12 2.121 17 18 67
47189889065353 81 577 65 2 12 2.121 17 18 67
269739939062459 81 577 65 2 12 2.121 17 18 67
89721822394281 81 577 65 2 12 2.121 17 18 67
117146213753503 81 577 65 2 12 2.121 17 18 67
72352381320624 81 577 65 2 12 2.121 17 18 67
190924040519574 81 577 65 2 12 2.121 17 18 67
248784355652260 81 577 65 2 12 2.121 17 18 67
118290525849964 81 577 65 2 12 2.121 17 18 67
16761881150314 81 577 65 2 12 2.121 17 18 67
172152464644111 81 577 65 2 12 2.121 17 18 67
197086521769192 990 478 974 0 12 2.121 14 14 67
240499089425811 990 478 974 0 12 2.121 14 14 67
158446875556967 990 478 974 0 12 2.121 14 14 67
51996205161813 990 478 974 0 12 2.121 14 14 67
1932242672754 990 478 974 0 12 2.121 14 14 67
248360568890810 990 478 974 0 12 2.121 14 14 67
238482976044398 990 478 974 0 12 2.121 14 14 67
320668507996 990 478 974 0 12 2.121 14 14 67
187510022154549 990 478 974 0 12 2.121 14 14 67
59075718618703 990 478 974 0 12 2.121 14 14 67
227177252722941 990 478 974 0 12 2.121 14 14 67
184052995357857 990 478 974 0 12 2.121 14 14 67
104672215917815 990 478 974 0 12 2.121 14 14 67
203848599262236 638 126 110 1 12 2.121 14 19 67
238893588517405 670 158 142 1 12 2.121 14 20 67
170932718938395 670 158 142 1 12 2.121 14 20 67
78255111438736 670 158 142 1 12 2.121 14 20 67
123036913239622 817 801 289 1 12 2.121 17 9 67
278028359181161 817 801 289 1 12 2.121 17 9 67
73611182424967 817 801 289 1 12 2.121 17 9 67
234110879133228 817 801 289 1 12 2.121 17 9 67
136118647787523 817 801 289 1 12 2.121 17 9 67
142726786765586 817 801 289 1 12 2.121 17 9 67
159041973298092 1009 993 481 1 12 2.121 17 15 67
166451276749072 702 190 174 1 12 2.121 14 21 67
195096321565154 894 382 878 0 12 2.121 14 11 67
214635712388613 894 382 878 0 12 2.121 14 11 67
55534319074256 894 382 878 0 12 2.121 14 11 67
82849430155415 894 382 878 0 12 2.121 14 11 67
273228816387963 18 514 2 2 12 3.536 18 16 67
97002335700662 18 514 2 2 12 3.536 18 16 67
10421893871653 18 514 2 2 12 3.536 18 16 67
242368736108257 18 514 2 2 12 3.536 18 16 67
10564728707843 18 514 2 2 12 3.536 18 16 67
121953753601141 637 125 109 1 12 3.536 13 19 67
68069788802139 18 514 2 2 12 3.536 18 16 67
30973540897814 18 514 2 2 12 3.536 18 16 67
152536173722064 18 514 2 2 12 3.536 18 16 67
196492358792197 18 514 2 2 12 3.536 18 16 67
102282770195503 1021 509 1005 0 12 3.536 13 15 67
103552467748704 541 29 13 1 12 3.536 13 16 67
44832038811930 957 445 941 0 12 3.536 13 13 67
12156020094602 1010 994 482 1 12 3.536 18 15 67
3663910401375 1010 994 482 1 12 3.536 18 15 67
112803956152591 50 546 34 2 12 3.536 18 17 67
111220561875632 50 546 34 2 12 3.536 18 17 67
273332690827566 50 546 34 2 12 3.536 18 17 67
128579503879613 50 546 34 2 12 3.536 18 17 67
247899780395139 114 610 98 2 12 3.536 18 19 67
40187959635402 1021 509 1005 0 12 3.536 13 15 67
4589566459805 1021 509 1005 0 12 3.536 13 15 67
38017521132250 1021 509 1005 0 12 3.536 13 15 67
137384764825071 1021 509 1005 0 12 3.536 13 15 67
51452762943477 1021 509 1005 0 12 3.536 13 15 67
150786736050596 1021 509 1005 0 12 3.536 13 15 67
153083909675675 1021 509 1005 0 12 3.536 13 15 67
237884138987784 1021 509 1005 0 12 3.536 13 15 67
73626994873759 1021 509 1005 0 12 3.536 13 15 67
278811422757502 1021 509 1005 0 12 3.536 13 15 67
85716671836281 946 930 418 1 12 3.536 18 13 67
218661480622502 946 930 418 1 12 3.536 18 13 67
243243463040252 946 930 418 1 12 3.536 18 13 67
182045833674539 946 930 418 1 12 3.536 18 13 67
159047556288372 946 930 418 1 12 3.536 18 13 67
71121255088663 946 930 418 1 12 3.536 18 13 67
13499244987418 946 930 418 1 12 3.536 18 13 67
93704281032454 882 866 354 1 12 3.536 18 11 67
271748309586521 882 866 354 1 12 3.536 18 11 67
55318980728851 861 349 845 0 12 3.536 13 10 67
98416985347029 861 349 845 0 12 3.536 13 10 67
142319771699560 861 349 845 0 12 3.536 13 10 67
152463812137726 861 349 845 0 12 3.536 13 10 67
16246516497849 18 514 2 2 12 3.536 18 16 67
98719154417330 18 514 2 2 12 3.536 18 16 67
228604125225958 18 514 2 2 12 3.536 18 16 67
199897438417585 18 514 2 2 12 3.536 18 16 67
14417502528149 18 514 2 2 12 3.536 18 16 67
139491990205351 18 514 2 2 12 3.536 18 16 67
10003131054970 988 476 972 0 12 4.950 12 14 67
257992353421102 988 476 972 0 12 4.950 12 14 67
96176505595654 988 476 972 0 12 4.950 12 14 67
264819554262634 988 476 972 0 12 4.950 12 14 67
194312591285181 988 476 972 0 12 4.950 12 14 67
64054680769165 988 476 972 0 12 4.950 12 14 67
227496834800481 988 476 972 0 12 4.950 12 14 67
33887714569999 988 476 972 0 12 4.950 12 14 67
275704716983307 988 476 972 0 12 4.950 12 14 67
169349594259135 988 476 972 0 12 4.950 12 14 67
177661572082500 988 476 972 0 12 4.950 12 14 67
21397506593236 988 476 972 0 12 4.950 12 14 67
24520145709080 988 476 972 0 12 4.950 12 14 67
260197158413382 572 60 44 1 12 4.950 12 17 67
278448881717467 275 771 259 2 12 4.950 19 24 67
87791360602061 83 579 67 2 12 4.950 19 18 67
237223997416590 83 579 67 2 12 4.950 19 18 67
66927249486491 83 579 67 2 12 4.950 19 18 67
275976360258975 83 579 67 2 12 4.950 19 18 67
107709550565277 83 579 67 2 12 4.950 19 18 67
68347322838337 83 579 67 2 12 4.950 19 18 67
242834946254282 83 579 67 2 12 4.950 19 18 67
49216438176164 83 579 67 2 12 4.950 19 18 67
116221270828152 83 579 67 2 12 4.950 19 18 67
44522564429294 796 284 268 1 12 4.950 12 24 67
138148858083197 796 284 268 1 12 4.950 12 24 67
160396053005374 956 444 940 0 12 4.950 12 13 67
129096724034211 956 444 940 0 12 4.950 12 13 67
218640004005426 636 124 108 1 12 4.950 12 19 67
234945002863637 636 124 108 1 12 4.950 12 19 67
253053171672652 636 124 108 1 12 4.950 12 19 67
6860885018919 636 124 108 1 12 4.950 12 19 67
68528382858147 636 124 108 1 12 4.950 12 19 67
95641256385033 636 124 108 1 12 4.950 12 19 67
199151333101430 636 124 108 1 12 4.950 12 19 67
256270309823384 51 547 35 2 12 4.950 19 17 67
169488204018705 51 547 35 2 12 4.950 19 17 67
262965477727875 51 547 35 2 12 4.950 19 17 67
161057454511262 51 547 35 2 12 4.950 19 17 67
225488266968978 51 547 35 2 12 4.950 19 17 67
156454769528877 211 707 195 2 12 4.950 19 22 67
150242124454409 988 476 972 0 12 4.950 12 14 67
160337846456182 988 476 972 0 12 4.950 12 14 67
31223990826325 19 515 3 2 12 4.950 19 16 67
168239574329585 924 412 908 0 12 4.950 12 12 67
7477647625429 924 412 908 0 12 4.950 12 12 67
81863704280680 924 412 908 0 12 4.950 12 12 67
34034171980051 924 412 908 0 12 4.950 12 12 67
136155625872927 924 412 908 0 12 4.950 12 12 67
275878251071075 924 412 908 0 12 4.950 12 12 67
57681882902782 924 412 908 0 12 4.950 12 12 67
279621535472114 924 412 908 0 12 4.950 12 12 67
85763218657016 924 412 908 0 12 4.950 12 12 67
58720732383480 636 124 108 1 12 4.950 12 19 67
64774908366226 851 835 323 1 12 4.950 19 10 67
270694622856235 1011 995 483 1 12 4.950 19 15 67
255985710165728 1011 995 483 1 12 4.950 19 15 67
103441377406311 1011 995 483 1 12 4.950 19 15 67
21343494081244 956 444 940 0 12 4.950 12 13 67
219372238462008 956 444 940 0 12 4.950 12 13 67
42110780803138 956 444 940 0 12 4.950 12 13 67
147649225640566 956 444 940 0 12 4.950 12 13 67
46024505895543 956 444 940 0 12 4.950 12 13 67
170453935199461 956 444 940 0 12 4.950 12 13 67
103907080950306 828 316 812 0 12 4.950 12 9 67
269998318591455 1020 508 1004 0 12 4.950 12 15 67
256461001669810 116 612 100 2 12 6.364 20 19 67
121159711751113 84 580 68 2 12 6.364 20 18 67
202185976193078 84 580 68 2 12 6.364 20 18 67
29935540541236 539 27 11 1 12 6.364 11 16 67
147052819008808 923 411 907 0 12 6.364 11 12 67
182267402077583 923 411 907 0 12 6.364 11 12 67
44226658648345 980 964 452 1 12 6.364 20 14 67
64075863274900 980 964 452 1 12 6.364 20 14 67
54707301169533 980 964 452 1 12 6.364 20 14 67
55152660366625 980 964 452 1 12 6.364 20 14 67
175248893688011 980 964 452 1 12 6.364 20 14 67
264670019850959 980 964 452 1 12 6.364 20 14 67
153343493650929 980 964 452 1 12 6.364 20 14 67
41016976824309 980 964 452 1 12 6.364 20 14 67
278523669149754 980 964 452 1 12 6.364 20 14 67
204692458639342 980 964 452 1 12 6.364 20 14 67
17508508181011 980 964 452 1 12 6.364 20 14 67
177757657626822 980 964 452 1 12 6.364 20 14 67
69584631385522 980 964 452 1 12 6.364 20 14 67
41525424077672 980 964 452 1 12 6.364 20 14 67
114968904477303 916 900 388 1 12 6.364 20 12 67
56665228200566 916 900 388 1 12 6.364 20 12 67
223919587455734 916 900 388 1 12 6.364 20 12 67
263110239107337 916 900 388 1 12 6.364 20 12 67
27927023905225 20 516 4 2 12 6.364 20 16 67
172213461217888 20 516 4 2 12 6.364 20 16 67
45488810958604 20 516 4 2 12 6.364 20 16 67
19505519847096 763 251 235 1 12 6.364 11 23 67
236799990052897 916 900 388 1 12 6.364 20 12 67
23124900186885 916 900 388 1 12 6.364 20 12 67
154248504517346 916 900 388 1 12 6.364 20 12 67
3232950066436 916 900 388 1 12 6.364 20 12 67
112355024120827 52 548 36 2 12 6.364 20 17 67
91043104437162 52 548 36 2 12 6.364 20 17 67
267961048429823 52 548 36 2 12 6.364 20 17 67
166678010851972 52 548 36 2 12 6.364 20 17 67
37509055515664 244 740 228 2 12 6.364 20 23 67
192965253177755 244 740 228 2 12 6.364 20 23 67
244603939379086 244 740 228 2 12 6.364 20 23 67
186419011591837 244 740 228 2 12 6.364 20 23 67
187859041674305 244 740 228 2 12 6.364 20 23 67
43925156234404 244 740 228 2 12 6.364 20 23 67
81724218999339 859 347 843 0 12 6.364 11 10 67
248898105339508 859 347 843 0 12 6.364 11 10 67
174141721936849 1012 996 484 1 12 6.364 20 15 67
153475973374971 180 676 164 2 12 6.364 20 21 67
125693562131970 820 804 292 1 12 6.364 20 9 67
68913330381878 820 804 292 1 12 6.364 20 9 67
201544113757852 820 804 292 1 12 6.364 20 9 67
104370562861819 820 804 292 1 12 6.364 20 9 67
244683936790707 820 804 292 1 12 6.364 20 9 67
254085703258935 820 804 292 1 12 6.364 20 9 67
190745670295280 820 804 292 1 12 6.364 20 9 67
69172932476569 820 804 292 1 12 6.364 20 9 67
60751927252180 213 709 197 2 12 7.778 21 22 67
205107239903503 213 709 197 2 12 7.778 21 22 67
27148016623918 213 709 197 2 12 7.778 21 22 67
119983821042299 730 218 202 1 12 7.778 10 22 67
168819843817576 730 218 202 1 12 7.778 10 22 67
246153925261354 730 218 202 1 12 7.778 10 22 67
14904426267519 730 218 202 1 12 7.778 10 22 67
191658891937082 730 218 202 1 12 7.778 10 22 67
188267827145966 730 218 202 1 12 7.778 10 22 67
14645010379888 730 218 202 1 12 7.778 10 22 67
25661122685700 730 218 202 1 12 7.778 10 22 67
219578384564861 730 218 202 1 12 7.778 10 22 67
209760670883361 730 218 202 1 12 7.778 10 22 67
201604660319004 730 218 202 1 12 7.778 10 22 67
150575398550041 730 218 202 1 12 7.778 10 22 67
44491921079577 730 218 202 1 12 7.778 10 22 67
46713587868333 730 218 202 1 12 7.778 10 22 67
52856852757214 730 218 202 1 12 7.778 10 22 67
189285401494479 730 218 202 1 12 7.778 10 22 67
229637765315440 730 218 202 1 12 7.778 10 22 67
94418411245428 730 218 202 1 12 7.778 10 22 67
8412657766121 853 837 325 1 12 7.778 21 10 67
169431078309393 826 314 298 1 12 7.778 10 25 67
51210655427573 826 314 298 1 12 7.778 10 25 67
67889765835154 826 314 298 1 12 7.778 10 25 67
148806334216850 922 410 906 0 12 7.778 10 12 67
240700490772039 602 90 74 1 12 7.778 10 18 67
132270865490676 890 378 874 0 12 7.778 10 11 67
270949777204945 890 378 874 0 12 7.778 10 11 67
163775030475520 181 677 165 2 12 7.778 21 21 67
82410815445446 181 677 165 2 12 7.778 21 21 67
211611809559815 181 677 165 2 12 7.778 21 21 67
52950307607797 181 677 165 2 12 7.778 21 21 67
203096823923521 634 122 106 1 12 7.778 10 19 67
353519091790 21 517 5 2 12 7.778 21 16 67
159565036326794 85 581 69 2 12 7.778 21 18 67
59267760464332 858 346 842 0 12 7.778 10 10 67
3627461072630 858 346 842 0 12 7.778 10 10 67
42981255983395 858 346 842 0 12 7.778 10 10 67
206398727004005 858 346 842 0 12 7.778 10 10 67
185911120942662 118 614 102 2 12 9.192 22 19 67
166293412584868 1017 505 1001 0 12 9.192 9 15 67
127671320360300 758 742 230 1 12 9.192 22 7 67
163380069061545 758 742 230 1 12 9.192 22 7 67
203741032700359 758 742 230 1 12 9.192 22 7 67
116045118996437 758 742 230 1 12 9.192 22 7 67
35578290466443 758 742 230 1 12 9.192 22 7 67
112185210365632 758 742 230 1 12 9.192 22 7 67
15498382000006 758 742 230 1 12 9.192 22 7 67
137061724037500 758 742 230 1 12 9.192 22 7 67
274080953877826 758 742 230 1 12 9.192 22 7 67
183911299610840 758 742 230 1 12 9.192 22 7 67
171267964738803 758 742 230 1 12 9.192 22 7 67
6039430695799 758 742 230 1 12 9.192 22 7 67
19372890403395 758 742 230 1 12 9.192 22 7 67
46494215151833 758 742 230 1 12 9.192 22 7 67
180062372555927 758 742 230 1 12 9.192 22 7 67
37097621520734 758 742 230 1 12 9.192 22 7 67
189478553233490 758 742 230 1 12 9.192 22 7 67
244316984169309 758 742 230 1 12 9.192 22 7 67
17105409365249 758 742 230 1 12 9.192 22 7 67
100045655487615 758 742 230 1 12 9.192 22 7 67
60221695626725 758 742 230 1 12 9.192 22 7 67
137489932594586 758 742 230 1 12 9.192 22 7 67
54051318780750 758 742 230 1 12 9.192 22 7 67
147972472354248 758 742 230 1 12 9.192 22 7 67
246489721982940 758 742 230 1 12 9.192 22 7 67
91944471656965 758 742 230 1 12 9.192 22 7 67
122987945193972 758 742 230 1 12 9.192 22 7 67
218963324189377 758 742 230 1 12 9.192 22 7 67
49929078327211 758 742 230 1 12 9.192 22 7 67
66571933788079 758 742 230 1 12 9.192 22 7 67
101186611282385 758 742 230 1 12 9.192 22 7 67
30450054908853 758 742 230 1 12 9.192 22 7 67
273364865545264 758 742 230 1 12 9.192 22 7 67
69884918185773 758 742 230 1 12 9.192 22 7 67
219134757992462 758 742 230 1 12 9.192 22 7 67
236268997382678 758 742 230 1 12 9.192 22 7 67
48373048142330 214 710 198 2 12 9.192 22 22 67
208524785459228 54 550 38 2 12 9.192 22 17 67
264722400179837 54 550 38 2 12 9.192 22 17 67
43755106518769 54 550 38 2 12 9.192 22 17 67
250901241043056 54 550 38 2 12 9.192 22 17 67
143412045169768 54 550 38 2 12 9.192 22 17 67
51154429308564 54 550 38 2 12 9.192 22 17 67
33940063639503 54 550 38 2 12 9.192 22 17 67
27449912978969 54 550 38 2 12 9.192 22 17 67
8508810594618 54 550 38 2 12 9.192 22 17 67
255687851209091 601 89 73 1 12 9.192 9 18 67
85769906274324 246 742 230 2 12 9.192 22 23 67
218016900680011 246 742 230 2 12 9.192 22 23 67
76959347787400 342 838 326 2 12 9.192 22 26 67
149520338419379 342 838 326 2 12 9.192 22 26 67
140821821302305 665 153 137 1 12 9.192 9 20 67
15674235999470 665 153 137 1 12 9.192 9 20 67
91109648829067 86 582 70 2 12 9.192 22 18 67
138189929001103 86 582 70 2 12 9.192 22 18 67
65798650360404 86 582 70 2 12 9.192 22 18 67
195681826004401 86 582 70 2 12 9.192 22 18 67
224848783967994 86 582 70 2 12 9.192 22 18 67
87505754619101 952 440 936 0 12 10.607 8 13 67
67823926285532 983 967 455 1 12 10.607 23 14 67
1202762264051 983 967 455 1 12 10.607 23 14 67
92551590046839 983 967 455 1 12 10.607 23 14 67
82167780809376 983 967 455 1 12 10.607 23 14 67
28945136747074 983 967 455 1 12 10.607 23 14 67
245274140468342 983 967 455 1 12 10.607 23 14 67
94193906100697 983 967 455 1 12 10.607 23 14 67
72280978622181 983 967 455 1 12 10.607 23 14 67
8367560805129 983 967 455 1 12 10.607 23 14 67
277203803260987 983 967 455 1 12 10.607 23 14 67
94512058584198 983 967 455 1 12 10.607 23 14 67
180330151659824 983 967 455 1 12 10.607 23 14 67
186508196983628 983 967 455 1 12 10.607 23 14 67
84404028035623 983 967 455 1 12 10.607 23 14 67
156892476095131 983 967 455 1 12 10.607 23 14 67
206392271469255 983 967 455 1 12 10.607 23 14 67
62553928526879 536 24 8 1 12 10.607 8 16 67
80617285474890 536 24 8 1 12 10.607 8 16 67
37131750273572 536 24 8 1 12 10.607 8 16 67
135815399202214 823 807 295 1 12 10.607 23 9 67
86626528695461 664 152 136 1 12 10.607 8 20 67
208658599714285 56 552 40 2 12 12.021 24 17 67
146229693886238 56 552 40 2 12 12.021 24 17 67
210855835467725 824 808 296 1 12 12.021 24 9 67
134204571291059 824 808 296 1 12 12.021 24 9 67
12645181650999 824 808 296 1 12 12.021 24 9 67
13591970303593 824 808 296 1 12 12.021 24 9 67
76505695283840 824 808 296 1 12 12.021 24 9 67
102044714235527 824 808 296 1 12 12.021 24 9 67
51236414960008 824 808 296 1 12 12.021 24 9 67
12158713509788 824 808 296 1 12 12.021 24 9 67
148004970085702 824 808 296 1 12 12.021 24 9 67
263438394144202 824 808 296 1 12 12.021 24 9 67
144908268039065 824 808 296 1 12 12.021 24 9 67
43379829236320 824 808 296 1 12 12.021 24 9 67
203183839795730 824 808 296 1 12 12.021 24 9 67
166761442006161 824 808 296 1 12 12.021 24 9 67
35145267829 824 808 296 1 12 12.021 24 9 67
86558968437011 951 439 935 0 12 12.021 7 13 67
221677401119339 823 311 807 0 12 12.021 7 9 67
227649550912904 1017 1001 489 1 12 13.435 25 15 67
277088247188429 1017 1001 489 1 12 13.435 25 15 67
223879073784455 1017 1001 489 1 12 13.435 25 15 67
244374497863980 1017 1001 489 1 12 13.435 25 15 67
108599695775250 1017 1001 489 1 12 13.435 25 15 67
231131113080448 1017 1001 489 1 12 13.435 25 15 67
41773686823529 1017 1001 489 1 12 13.435 25 15 67
234014229700753 1017 1001 489 1 12 13.435 25 15 67
215666323452362 1017 1001 489 1 12 13.435 25 15 67
215762192543955 26 522 10 2 12 14.849 26 16 67
178509462408512 923 411 907 0 13 6.364 11 12 67
18891420132050 923 411 907 0 13 6.364 11 12 67
99561049506385 923 411 907 0 13 6.364 11 12 67
21376449140295 923 411 907 0 13 6.364 11 12 67
51372798770876 767 255 751 0 14 0.707 15 7 67

