104219841603356 697 185 169 1 12 9.192 9 21
104363647195943 950 934 422 1 12 9.192 22 13
106116693974418 697 185 169 1 12 9.192 9 21
10853217383782 950 934 422 1 12 9.192 22 13
121450571651270 697 185 169 1 12 9.192 9 21
129363070557599 697 185 169 1 12 9.192 9 21
14588537756993 697 185 169 1 12 9.192 9 21
161058896647288 697 185 169 1 12 9.192 9 21
215197338972473 950 934 422 1 12 9.192 22 13
223181015985548 54 550 38 2 12 9.192 22 17
231314123137305 697 185 169 1 12 9.192 9 21
232334558438078 889 377 873 0 12 9.192 9 11
240434088798468 601 89 73 1 12 9.192 9 18
242636048404275 697 185 169 1 12 9.192 9 21
261743155726600 697 185 169 1 12 9.192 9 21
265296716324620 182 678 166 2 12 9.192 22 21
27782673878288 950 934 422 1 12 9.192 22 13
33181304887825 697 185 169 1 12 9.192 9 21
51838305625583 697 185 169 1 12 9.192 9 21
64092125699617 918 902 390 1 12 9.192 22 12
68724554741749 697 185 169 1 12 9.192 9 21
7447909110926 697 185 169 1 12 9.192 9 21
75065561305095 697 185 169 1 12 9.192 9 21
112020569824828 856 344 840 0 12 10.607 8 10
128278066509746 856 344 840 0 12 10.607 8 10
138631860768472 568 56 40 1 12 10.607 8 17
184840057402835 856 344 840 0 12 10.607 8 10
190105656495314 568 56 40 1 12 10.607 8 17
217703013022351 856 344 840 0 12 10.607 8 10
233820593817128 856 344 840 0 12 10.607 8 10
252105478202657 568 56 40 1 12 10.607 8 17
265366080896324 119 615 103 2 12 10.607 23 19
268465497051539 87 583 71 2 12 10.607 23 18
271196078633599 568 56 40 1 12 10.607 8 17
29163700524385 119 615 103 2 12 10.607 23 19
59702729496771 568 56 40 1 12 10.607 8 17
66875351662046 568 56 40 1 12 10.607 8 17
70032503634349 568 56 40 1 12 10.607 8 17
79537789901336 119 615 103 2 12 10.607 23 19
88231459914833 568 56 40 1 12 10.607 8 17
9567961692053 856 344 840 0 12 10.607 8 10
73944198072624 1015 503 999 0 12 12.021 7 15
135556446462079 153 649 137 2 12 13.435 25 20
