19993573887202 863 351 847 0 12 0.707 15 10
22356585999156 863 351 847 0 12 0.707 15 10
82147689004424 848 832 320 1 12 0.707 16 10
60986333365778 848 832 320 1 12 0.707 16 10
209036706641525 848 832 320 1 12 0.707 16 10
194834020675331 848 832 320 1 12 0.707 16 10
40582238317648 767 255 239 1 12 0.707 15 23
103671436410984 671 159 143 1 12 0.707 15 20
40158796942460 671 159 143 1 12 0.707 15 20
203174861636371 671 159 143 1 12 0.707 15 20
228510800477079 671 159 143 1 12 0.707 15 20
140540613244629 671 159 143 1 12 0.707 15 20
241624455402874 1008 992 480 1 12 0.707 16 15
72322911190085 831 319 815 0 12 0.707 15 9
236964639885848 831 319 815 0 12 0.707 15 9
15493466742454 831 319 815 0 12 0.707 15 9
125146907706252 831 319 815 0 12 0.707 15 9
234141842806857 831 319 815 0 12 0.707 15 9
22206562879490 639 127 111 1 12 0.707 15 19
230173954144677 639 127 111 1 12 0.707 15 19
4230315583100 959 447 943 0 12 0.707 15 13
176568456793306 990 478 974 0 12 2.121 14 14
104552349160560 574 62 46 1 12 2.121 14 17
97002853147962 574 62 46 1 12 2.121 14 17
217932170402844 574 62 46 1 12 2.121 14 17
105764632226452 574 62 46 1 12 2.121 14 17
244033667856843 574 62 46 1 12 2.121 14 17
98284910548422 574 62 46 1 12 2.121 14 17
202202953325081 574 62 46 1 12 2.121 14 17
178807300088053 574 62 46 1 12 2.121 14 17
164894529561722 49 545 33 2 12 2.121 17 17
237664009015485 49 545 33 2 12 2.121 17 17
265071350453079 990 478 974 0 12 2.121 14 14
206403982856702 113 609 97 2 12 2.121 17 19
203586211388259 113 609 97 2 12 2.121 17 19
97019825911150 945 929 417 1 12 2.121 17 13
37660364869005 990 478 974 0 12 2.121 14 14
275375774105094 990 478 974 0 12 2.121 14 14
219171618691055 734 222 206 1 12 2.121 14 22
150557100702423 734 222 206 1 12 2.121 14 22
63876805768347 734 222 206 1 12 2.121 14 22
127196968651536 734 222 206 1 12 2.121 14 22
71721043359603 894 382 878 0 12 2.121 14 11
32254367935991 894 382 878 0 12 2.121 14 11
219349474397634 894 382 878 0 12 2.121 14 11
127728708414556 894 382 878 0 12 2.121 14 11
250744516817870 894 382 878 0 12 2.121 14 11
225416035764789 894 382 878 0 12 2.121 14 11
1870224667250 81 577 65 2 12 2.121 17 18
184115160528090 734 222 206 1 12 2.121 14 22
10565980533668 734 222 206 1 12 2.121 14 22
149671173709454 734 222 206 1 12 2.121 14 22
48191712143773 734 222 206 1 12 2.121 14 22
264716508516255 734 222 206 1 12 2.121 14 22
64246929434063 881 865 353 1 12 2.121 17 11
206224640402339 1009 993 481 1 12 2.121 17 15
97019825911150 945 929 417 1 12 2.121 17 13
8704110811294 894 382 878 0 12 2.121 14 11
201470541615520 894 382 878 0 12 2.121 14 11
273724322787971 894 382 878 0 12 2.121 14 11
92929931431915 894 382 878 0 12 2.121 14 11
80716685734572 894 382 878 0 12 2.121 14 11
202912295793005 894 382 878 0 12 2.121 14 11
206403982856702 113 609 97 2 12 2.121 17 19
203586211388259 113 609 97 2 12 2.121 17 19
142703687023961 990 478 974 0 12 2.121 14 14
243165653510464 990 478 974 0 12 2.121 14 14
42852884177274 990 478 974 0 12 2.121 14 14
45934394818315 990 478 974 0 12 2.121 14 14
24455927177866 990 478 974 0 12 2.121 14 14
145887086850350 669 157 141 1 12 3.536 13 20
115277691546276 669 157 141 1 12 3.536 13 20
41703928045926 669 157 141 1 12 3.536 13 20
153566999566626 669 157 141 1 12 3.536 13 20
169748644960747 669 157 141 1 12 3.536 13 20
156887411322556 669 157 141 1 12 3.536 13 20
48130718102611 669 157 141 1 12 3.536 13 20
124244703350205 669 157 141 1 12 3.536 13 20
111951963893089 669 157 141 1 12 3.536 13 20
276586304024475 669 157 141 1 12 3.536 13 20
77662317591127 18 514 2 2 12 3.536 18 16
204784735993859 573 61 45 1 12 3.536 13 17
67452662851784 210 706 194 2 12 3.536 18 22
101824921088732 210 706 194 2 12 3.536 18 22
143280025277266 210 706 194 2 12 3.536 18 22
192967475879897 210 706 194 2 12 3.536 18 22
132463676899527 210 706 194 2 12 3.536 18 22
119116559358598 210 706 194 2 12 3.536 18 22
230226894379701 210 706 194 2 12 3.536 18 22
144430935500282 210 706 194 2 12 3.536 18 22
84389865856177 925 413 909 0 12 3.536 13 12
261687173801636 861 349 845 0 12 3.536 13 10
88783606633743 1010 994 482 1 12 3.536 18 15
22055322829681 82 578 66 2 12 3.536 18 18
185742029664085 82 578 66 2 12 3.536 18 18
245744774051442 82 578 66 2 12 3.536 18 18
95562366404328 82 578 66 2 12 3.536 18 18
190561603784077 114 610 98 2 12 3.536 18 19
40070925920576 114 610 98 2 12 3.536 18 19
2115015323860 114 610 98 2 12 3.536 18 19
18998705176290 978 962 450 1 12 3.536 18 14
99944455555570 978 962 450 1 12 3.536 18 14
179987600906481 978 962 450 1 12 3.536 18 14
137660626517205 978 962 450 1 12 3.536 18 14
27087220962954 114 610 98 2 12 3.536 18 19
136118667508245 669 157 141 1 12 3.536 13 20
28170081673078 914 898 386 1 12 3.536 18 12
42032714307879 914 898 386 1 12 3.536 18 12
37305411280207 914 898 386 1 12 3.536 18 12
116812724653472 914 898 386 1 12 3.536 18 12
158110293587532 914 898 386 1 12 3.536 18 12
207411322191769 914 898 386 1 12 3.536 18 12
100024909198821 914 898 386 1 12 3.536 18 12
81997345810953 914 898 386 1 12 3.536 18 12
57004974403504 114 610 98 2 12 3.536 18 19
210453387947195 114 610 98 2 12 3.536 18 19
280406518213275 786 770 258 1 12 3.536 18 8
135554833202634 786 770 258 1 12 3.536 18 8
133404890110224 786 770 258 1 12 3.536 18 8
274292238955051 1021 509 1005 0 12 3.536 13 15
37798511532591 1021 509 1005 0 12 3.536 13 15
39662932623837 1021 509 1005 0 12 3.536 13 15
3321515333713 1021 509 1005 0 12 3.536 13 15
278201236489754 1021 509 1005 0 12 3.536 13 15
167663773671028 1021 509 1005 0 12 3.536 13 15
96439162146221 1021 509 1005 0 12 3.536 13 15
165729232462302 1021 509 1005 0 12 3.536 13 15
231538522039935 1021 509 1005 0 12 3.536 13 15
153583984101168 210 706 194 2 12 3.536 18 22
96426036033984 210 706 194 2 12 3.536 18 22
142749853517195 210 706 194 2 12 3.536 18 22
167448855012385 978 962 450 1 12 3.536 18 14
216492888673006 978 962 450 1 12 3.536 18 14
238196715161575 978 962 450 1 12 3.536 18 14
111802831870227 978 962 450 1 12 3.536 18 14
155920550293911 978 962 450 1 12 3.536 18 14
45793698000488 978 962 450 1 12 3.536 18 14
213518529731196 978 962 450 1 12 3.536 18 14
111548278312237 914 898 386 1 12 3.536 18 12
127892727143403 914 898 386 1 12 3.536 18 12
63540558252218 914 898 386 1 12 3.536 18 12
234948962212710 914 898 386 1 12 3.536 18 12
201940374126589 914 898 386 1 12 3.536 18 12
117749048958777 914 898 386 1 12 3.536 18 12
138644756280356 242 738 226 2 12 3.536 18 23
127206620974154 242 738 226 2 12 3.536 18 23
50806432352214 242 738 226 2 12 3.536 18 23
139126674252571 242 738 226 2 12 3.536 18 23
173126586499601 946 930 418 1 12 3.536 18 13
55449625355666 946 930 418 1 12 3.536 18 13
66607674167560 946 930 418 1 12 3.536 18 13
223013208350918 946 930 418 1 12 3.536 18 13
275859462879239 946 930 418 1 12 3.536 18 13
53730515030746 946 930 418 1 12 3.536 18 13
205806015155695 946 930 418 1 12 3.536 18 13
85547513858356 946 930 418 1 12 3.536 18 13
272412130961451 605 93 77 1 12 3.536 13 18
204784735993859 573 61 45 1 12 3.536 13 17
183098168102751 83 579 67 2 12 4.950 19 18
181464131455067 83 579 67 2 12 4.950 19 18
212584325454436 83 579 67 2 12 4.950 19 18
73608422074305 924 412 908 0 12 4.950 12 12
65402469658555 732 220 204 1 12 4.950 12 22
44145646449323 115 611 99 2 12 4.950 19 19
257139533018149 147 643 131 2 12 4.950 19 20
25656370050680 147 643 131 2 12 4.950 19 20
219878984817794 147 643 131 2 12 4.950 19 20
79681639639007 604 92 76 1 12 4.950 12 18
122139914421476 604 92 76 1 12 4.950 12 18
230434984008225 851 835 323 1 12 4.950 19 10
61760328213608 860 348 844 0 12 4.950 12 10
240707730560787 860 348 844 0 12 4.950 12 10
10526633044693 860 348 844 0 12 4.950 12 10
197935027663779 83 579 67 2 12 4.950 19 18
204466150567510 947 931 419 1 12 4.950 19 13
41827226991515 947 931 419 1 12 4.950 19 13
81530170745348 892 380 876 0 12 4.950 12 11
171703836041712 988 476 972 0 12 4.950 12 14
175149832424957 988 476 972 0 12 4.950 12 14
145735861709367 988 476 972 0 12 4.950 12 14
165048019544022 211 707 195 2 12 4.950 19 22
148500806426821 211 707 195 2 12 4.950 19 22
15538584863063 211 707 195 2 12 4.950 19 22
197965596598170 924 412 908 0 12 4.950 12 12
53731577372130 924 412 908 0 12 4.950 12 12
268677791072790 924 412 908 0 12 4.950 12 12
137980323323229 924 412 908 0 12 4.950 12 12
200891554359813 924 412 908 0 12 4.950 12 12
201586792089641 924 412 908 0 12 4.950 12 12
74901811048185 924 412 908 0 12 4.950 12 12
260363067951084 924 412 908 0 12 4.950 12 12
271314757298392 924 412 908 0 12 4.950 12 12
253717073558539 924 412 908 0 12 4.950 12 12
185919936094811 924 412 908 0 12 4.950 12 12
155023930931776 924 412 908 0 12 4.950 12 12
192875341682640 924 412 908 0 12 4.950 12 12
19901199703191 924 412 908 0 12 4.950 12 12
218873769998986 924 412 908 0 12 4.950 12 12
87208238698876 924 412 908 0 12 4.950 12 12
36789411029118 923 411 907 0 12 6.364 11 12
186857840898759 1019 507 1003 0 12 6.364 11 15
139220053408949 1019 507 1003 0 12 6.364 11 15
96003873258834 1019 507 1003 0 12 6.364 11 15
83804040705759 923 411 907 0 12 6.364 11 12
54615424353875 52 548 36 2 12 6.364 20 17
53927920164266 955 443 939 0 12 6.364 11 13
71889992924667 955 443 939 0 12 6.364 11 13
188040528280146 571 59 43 1 12 6.364 11 17
164966785411801 571 59 43 1 12 6.364 11 17
57077911122310 571 59 43 1 12 6.364 11 17
69462690139089 571 59 43 1 12 6.364 11 17
134050123475136 571 59 43 1 12 6.364 11 17
166215004001223 571 59 43 1 12 6.364 11 17
123939100817619 699 187 171 1 12 6.364 11 21
247180093650216 699 187 171 1 12 6.364 11 21
240061970998533 923 411 907 0 12 6.364 11 12
75986928539902 923 411 907 0 12 6.364 11 12
47024756248163 923 411 907 0 12 6.364 11 12
116926742397838 666 154 138 1 12 7.778 10 20
11446128298547 666 154 138 1 12 7.778 10 20
226779993578679 666 154 138 1 12 7.778 10 20
69082818791810 666 154 138 1 12 7.778 10 20
114502568652726 666 154 138 1 12 7.778 10 20
49286592667164 666 154 138 1 12 7.778 10 20
118226854664785 1018 506 1002 0 12 7.778 10 15
132826697478170 1018 506 1002 0 12 7.778 10 15
18587344182734 1018 506 1002 0 12 7.778 10 15
190469730834548 1018 506 1002 0 12 7.778 10 15
192515550364715 1018 506 1002 0 12 7.778 10 15
80711357336623 1018 506 1002 0 12 7.778 10 15
17840874537188 1018 506 1002 0 12 7.778 10 15
222360058041116 1018 506 1002 0 12 7.778 10 15
25872939298169 1018 506 1002 0 12 7.778 10 15
14511314621429 1018 506 1002 0 12 7.778 10 15
35842500617181 1018 506 1002 0 12 7.778 10 15
253992543161729 1018 506 1002 0 12 7.778 10 15
128588105353068 986 474 970 0 12 7.778 10 14
15902685253033 986 474 970 0 12 7.778 10 14
135393312870221 666 154 138 1 12 7.778 10 20
44695866077202 853 837 325 1 12 7.778 21 10
113596814760390 21 517 5 2 12 7.778 21 16
136797933982965 21 517 5 2 12 7.778 21 16
8775797011719 21 517 5 2 12 7.778 21 16
169940878227071 569 57 41 1 12 9.192 9 17
237175176311016 953 441 937 0 12 9.192 9 13
252396016833905 953 441 937 0 12 9.192 9 13
262463622640404 953 441 937 0 12 9.192 9 13
99750322199462 953 441 937 0 12 9.192 9 13
197050857148992 1017 505 1001 0 12 9.192 9 15
164226505140817 918 902 390 1 12 9.192 22 12
103699833967266 22 518 6 2 12 9.192 22 16
237738576227368 22 518 6 2 12 9.192 22 16
124384815125909 22 518 6 2 12 9.192 22 16
109367967914347 22 518 6 2 12 9.192 22 16
161060380435411 22 518 6 2 12 9.192 22 16
141693970215654 22 518 6 2 12 9.192 22 16
258587759613688 633 121 105 1 12 9.192 9 19
121170125213349 633 121 105 1 12 9.192 9 19
59533173720607 633 121 105 1 12 9.192 9 19
33973115924067 633 121 105 1 12 9.192 9 19
163480565403906 633 121 105 1 12 9.192 9 19
132096815845414 182 678 166 2 12 9.192 22 21
151777980639463 182 678 166 2 12 9.192 22 21
109481409606973 887 871 359 1 12 10.607 23 11
33753053864299 888 376 872 0 12 10.607 8 11
232189082350850 888 376 872 0 12 10.607 8 11
134741392326066 696 184 168 1 12 10.607 8 21
235286705421113 664 152 136 1 12 10.607 8 20
74955066363247 888 376 872 0 12 10.607 8 11
197541604314803 888 376 872 0 12 10.607 8 11
204098050700086 888 376 872 0 12 10.607 8 11
12927895492232 888 376 872 0 12 10.607 8 11
152428902200243 888 376 872 0 12 10.607 8 11
140643589324343 888 376 872 0 12 10.607 8 11
124164460123548 888 376 872 0 12 10.607 8 11
226997759896977 888 376 872 0 12 10.607 8 11
66913026728613 888 376 872 0 12 10.607 8 11
56094396715721 888 376 872 0 12 10.607 8 11
124250417092276 888 376 872 0 12 10.607 8 11
10316981901602 664 152 136 1 12 10.607 8 20
117005585714960 664 152 136 1 12 10.607 8 20
114173620231157 599 87 71 1 12 12.021 7 18
242458691706812 24 520 8 2 12 12.021 24 16
107266247653990 24 520 8 2 12 12.021 24 16
9181920710421 24 520 8 2 12 12.021 24 16
261962479571513 24 520 8 2 12 12.021 24 16
149796784312761 88 584 72 2 12 12.021 24 18
88410840662971 725 213 197 1 12 14.849 5 22
68700619863533 725 213 197 1 12 14.849 5 22
268096683004010 725 213 197 1 12 14.849 5 22
56093639542113 725 213 197 1 12 14.849 5 22
272229079051588 725 213 197 1 12 14.849 5 22
106283143647412 945 929 417 1 13 2.121 17 13
47823678567275 945 929 417 1 13 2.121 17 13
254101132984175 945 929 417 1 13 2.121 17 13
10418650954796 945 929 417 1 13 2.121 17 13
154791008495107 945 929 417 1 13 2.121 17 13
196757405107270 945 929 417 1 13 2.121 17 13
189691439517214 945 929 417 1 13 2.121 17 13
186924231848210 945 929 417 1 13 2.121 17 13
279023530995848 945 929 417 1 13 2.121 17 13
247840874648330 945 929 417 1 13 2.121 17 13
158664114010503 945 929 417 1 13 2.121 17 13
230870576836497 945 929 417 1 13 2.121 17 13
235525356848501 945 929 417 1 13 2.121 17 13
60614037135539 945 929 417 1 13 2.121 17 13
34343424996365 945 929 417 1 13 2.121 17 13
210761721252755 245 741 229 2 13 7.778 21 23
48181980475387 1017 505 1001 0 13 9.192 9 15