882543231103 80 576 64 2 12 0.707 16 18
3878054045093 1008 992 480 1 12 0.707 16 15
5568605038456 976 960 448 1 12 0.707 16 14
200000360348991 607 95 79 1 12 0.707 15 18
6109925386085 959 447 943 0 12 0.707 15 13
201696851626012 1008 992 480 1 12 0.707 16 15
14774289491946 735 223 719 0 12 0.707 15 6
205974758905224 144 640 128 2 12 0.707 16 20
18685593031731 144 640 128 2 12 0.707 16 20
208153681524249 1008 992 480 1 12 0.707 16 15
20991021878561 1008 992 480 1 12 0.707 16 15
21147138782526 880 864 352 1 12 0.707 16 11
24120062371214 144 640 128 2 12 0.707 16 20
102785882660370 144 640 128 2 12 0.707 16 20
127480602662178 144 640 128 2 12 0.707 16 20
263985541250806 959 447 943 0 12 0.707 15 13
104933575415168 575 63 47 1 12 0.707 15 17
217487830248229 944 928 416 1 12 0.707 16 13
152546792861765 144 640 128 2 12 0.707 16 20
217892719744587 575 63 47 1 12 0.707 15 17
82094161792979 575 63 47 1 12 0.707 15 17
153257737744684 144 640 128 2 12 0.707 16 20
243147848816547 880 864 352 1 12 0.707 16 11
219887315017176 895 383 879 0 12 0.707 15 11
36611356471366 575 63 47 1 12 0.707 15 17
59242827254540 1008 992 480 1 12 0.707 16 15
108741586418658 1008 992 480 1 12 0.707 16 15
132362032787853 671 159 143 1 12 0.707 15 20
244887766384014 1008 992 480 1 12 0.707 16 15
221472102462680 80 576 64 2 12 0.707 16 18
132864093945348 1008 992 480 1 12 0.707 16 15
109476365637925 976 960 448 1 12 0.707 16 14
132441366898435 144 640 128 2 12 0.707 16 20
39442342176127 895 383 879 0 12 0.707 15 11
246978743203822 1008 992 480 1 12 0.707 16 15
182103115684360 1008 992 480 1 12 0.707 16 15
224290770306992 959 447 943 0 12 0.707 15 13
271493210516147 607 95 79 1 12 0.707 15 18
40773550248537 959 447 943 0 12 0.707 15 13
87969478948478 927 415 911 0 12 0.707 15 12
224643493208536 80 576 64 2 12 0.707 16 18
136054311820452 976 960 448 1 12 0.707 16 14
159909652833716 144 640 128 2 12 0.707 16 20
42201898945372 959 447 943 0 12 0.707 15 13
64204113824819 1008 992 480 1 12 0.707 16 15
137811754812591 16 512 0 2 12 0.707 16 16
274081267054990 639 127 111 1 12 0.707 15 19
43406148930841 575 63 47 1 12 0.707 15 17
115355564406967 976 960 448 1 12 0.707 16 14
91244180493506 959 447 943 0 12 0.707 15 13
228051681932511 959 447 943 0 12 0.707 15 13
44863790014918 1008 992 480 1 12 0.707 16 15
277206426807678 575 63 47 1 12 0.707 15 17
118046894352077 575 63 47 1 12 0.707 15 17
68701209666604 944 928 416 1 12 0.707 16 13
69223042439192 991 479 975 0 12 0.707 15 14
231775675894075 735 223 719 0 12 0.707 15 6
138604381702289 144 640 128 2 12 0.707 16 20
164335850760990 144 640 128 2 12 0.707 16 20
49585596967443 1008 992 480 1 12 0.707 16 15
191747780792681 944 928 416 1 12 0.707 16 13
145104461587304 1008 992 480 1 12 0.707 16 15
97377675828289 976 960 448 1 12 0.707 16 14
234018766197262 607 95 79 1 12 0.707 15 18
192994831059824 575 63 47 1 12 0.707 15 17
193141027111536 976 960 448 1 12 0.707 16 14
169881399714039 959 447 943 0 12 0.707 15 13
124096071007671 575 63 47 1 12 0.707 15 17
99827296049871 1008 992 480 1 12 0.707 16 15
124191236132543 991 479 975 0 12 0.707 15 14
171302355695233 959 447 943 0 12 0.707 15 13
171462969506755 895 383 879 0 12 0.707 15 11
53781570622648 959 447 943 0 12 0.707 15 13
125462930911608 944 928 416 1 12 0.707 16 13
125600334809018 575 63 47 1 12 0.707 15 17
76604337847541 1008 992 480 1 12 0.707 16 15
149625485806466 144 640 128 2 12 0.707 16 20
197597517428098 976 960 448 1 12 0.707 16 14
15795230317323 753 737 225 1 12 2.121 17 7
22141812749916 753 737 225 1 12 2.121 17 7
26770061437984 670 158 142 1 12 2.121 14 20
27369103280329 574 62 46 1 12 2.121 14 17
78267587393972 670 158 142 1 12 2.121 14 20
238858043306550 1022 510 1006 0 12 2.121 14 15
103940803500987 670 158 142 1 12 2.121 14 20
241041938679023 945 929 417 1 12 2.121 17 13
55930862947821 670 158 142 1 12 2.121 14 20
176094788361416 17 513 1 2 12 2.121 17 16
152655169635383 574 62 46 1 12 2.121 14 17
176213640121736 17 513 1 2 12 2.121 17 16
243873085788192 241 737 225 2 12 2.121 17 23
131963028683988 753 737 225 1 12 2.121 17 7
60472078776485 574 62 46 1 12 2.121 14 17
100103221306142 241 737 225 2 12 2.121 17 23
268366011269430 574 62 46 1 12 2.121 14 17
40345881693645 49 545 33 2 12 2.121 17 17
63006296209395 17 513 1 2 12 2.121 17 16
89251801182857 670 158 142 1 12 2.121 14 20
114964785519335 785 769 257 1 12 2.121 17 8
254369102391814 753 737 225 1 12 2.121 17 7
69636399544665 753 737 225 1 12 2.121 17 7
256376587259258 753 737 225 1 12 2.121 17 7
191758283850736 574 62 46 1 12 2.121 14 17
257448383167541 753 737 225 1 12 2.121 17 7
193081336641971 17 513 1 2 12 2.121 17 16
73349455644778 670 158 142 1 12 2.121 14 20
195028456604141 241 737 225 2 12 2.121 17 23
730115722014 882 866 354 1 12 3.536 18 11
3994129818455 669 157 141 1 12 3.536 13 20
201648781416765 797 285 269 1 12 3.536 13 24
12351853306903 701 189 173 1 12 3.536 13 21
13677568862335 733 221 205 1 12 3.536 13 22
205906068994593 978 962 450 1 12 3.536 18 14
206318389169302 914 898 386 1 12 3.536 18 12
20832352416662 701 189 173 1 12 3.536 13 21
23111017545479 989 477 973 0 12 3.536 13 14
25268785566220 882 866 354 1 12 3.536 18 11
54618661780446 733 221 205 1 12 3.536 13 22
78583164549078 989 477 973 0 12 3.536 13 14
215950131813977 989 477 973 0 12 3.536 13 14
103866200206057 989 477 973 0 12 3.536 13 14
217428574414213 701 189 173 1 12 3.536 13 21
152642978278440 797 285 269 1 12 3.536 13 24
241575781406562 701 189 173 1 12 3.536 13 21
59003532411355 701 189 173 1 12 3.536 13 21
109226195931650 882 866 354 1 12 3.536 18 11
269441943091248 797 285 269 1 12 3.536 13 24
134098888723387 1021 509 1005 0 12 3.536 13 15
181187609858843 989 477 973 0 12 3.536 13 14
61910605774206 978 962 450 1 12 3.536 18 14
111878658837760 989 477 973 0 12 3.536 13 14
159442818303312 701 189 173 1 12 3.536 13 21
159590911562146 669 157 141 1 12 3.536 13 20
41477769297619 669 157 141 1 12 3.536 13 20
114232138336929 701 189 173 1 12 3.536 13 21
43049964443946 850 834 322 1 12 3.536 18 10
162144337811580 978 962 450 1 12 3.536 18 14
252223514311484 669 157 141 1 12 3.536 13 20
95659376228299 989 477 973 0 12 3.536 13 14
141695245165523 797 285 269 1 12 3.536 13 24
182517058158868 978 962 450 1 12 3.536 18 14
43369230581472 733 221 205 1 12 3.536 13 22
49653223380887 978 962 450 1 12 3.536 18 14
144935184579493 882 866 354 1 12 3.536 18 11
169014156746300 1010 994 482 1 12 3.536 18 15
257904587914314 989 477 973 0 12 3.536 13 14
122138547339181 733 221 205 1 12 3.536 13 22
98467047521137 978 962 450 1 12 3.536 18 14
170123243104849 733 221 205 1 12 3.536 13 22
193821620147511 946 930 418 1 12 3.536 18 13
51832334551867 797 285 269 1 12 3.536 13 24
259582933477863 882 866 354 1 12 3.536 18 11
259689334390647 797 285 269 1 12 3.536 13 24
124767197152333 989 477 973 0 12 3.536 13 14
172859752379054 797 285 269 1 12 3.536 13 24
101669180001506 978 962 450 1 12 3.536 18 14
238229148202901 1010 994 482 1 12 3.536 18 15
102306654470292 989 477 973 0 12 3.536 13 14
1817858542067 604 92 76 1 12 4.950 12 18
1860661435494 956 444 940 0 12 4.950 12 13
3959073746574 604 92 76 1 12 4.950 12 18
5826324704698 796 284 780 0 12 4.950 12 8
200262710068289 604 92 76 1 12 4.950 12 18
11057956486265 796 284 780 0 12 4.950 12 8
15169719045909 19 515 3 2 12 4.950 19 16
205568589858133 796 284 780 0 12 4.950 12 8
207825799332799 883 867 355 1 12 4.950 19 11
21266791307240 604 92 76 1 12 4.950 12 18
25922765260589 604 92 76 1 12 4.950 12 18
31124827946290 19 515 3 2 12 4.950 19 16
102789387237730 796 284 780 0 12 4.950 12 8
126236573206077 851 835 323 1 12 4.950 19 10
150231322181317 860 348 844 0 12 4.950 12 10
79413301673346 604 92 76 1 12 4.950 12 18
239603267464595 796 284 780 0 12 4.950 12 8
240539291953093 1020 508 1004 0 12 4.950 12 15
80772820259526 860 348 844 0 12 4.950 12 10
176173781763663 796 284 780 0 12 4.950 12 8
265580715151474 924 412 908 0 12 4.950 12 12
35151415848137 700 188 172 1 12 4.950 12 21
265858045285168 604 92 76 1 12 4.950 12 18
243308429052405 860 348 844 0 12 4.950 12 10
219964416623524 604 92 76 1 12 4.950 12 18
178689009277643 860 348 844 0 12 4.950 12 10
58902433989850 604 92 76 1 12 4.950 12 18
108828356599212 860 348 844 0 12 4.950 12 10
245469321470902 604 92 76 1 12 4.950 12 18
157168665997176 604 92 76 1 12 4.950 12 18
100013897112336 604 92 76 1 12 4.950 12 18
268833308065437 604 92 76 1 12 4.950 12 18
133867613928030 956 444 940 0 12 4.950 12 13
269706454683187 604 92 76 1 12 4.950 12 18
39264133720047 604 92 76 1 12 4.950 12 18
39370220697486 604 92 76 1 12 4.950 12 18
135366558769335 604 92 76 1 12 4.950 12 18
182750792383138 1020 508 1004 0 12 4.950 12 15
248526799270428 604 92 76 1 12 4.950 12 18
225279047894954 700 188 172 1 12 4.950 12 21
160337182776281 604 92 76 1 12 4.950 12 18
273017026843400 860 348 844 0 12 4.950 12 10
226222370289916 796 284 780 0 12 4.950 12 8
90191750556750 604 92 76 1 12 4.950 12 18
250388591382808 883 867 355 1 12 4.950 19 11
162389630358647 851 835 323 1 12 4.950 19 10
139147128605804 572 60 44 1 12 4.950 12 17
186339646446143 988 476 972 0 12 4.950 12 14
275460405362030 796 284 780 0 12 4.950 12 8
116197334861521 956 444 940 0 12 4.950 12 13
140151071308289 604 92 76 1 12 4.950 12 18
68303732165689 956 444 940 0 12 4.950 12 13
93511470679272 796 284 780 0 12 4.950 12 8
142113060142510 924 412 396 1 12 4.950 12 28
254991537981155 924 412 908 0 12 4.950 12 12
161469350895486 924 412 908 0 12 4.950 12 12
165291987806878 988 476 972 0 12 4.950 12 14
280142953822621 604 92 76 1 12 4.950 12 18
233444711018050 604 92 76 1 12 4.950 12 18
121956390218768 604 92 76 1 12 4.950 12 18
122360919805685 604 92 76 1 12 4.950 12 18
235430018201401 604 92 76 1 12 4.950 12 18
147676869076132 604 92 76 1 12 4.950 12 18
53662010458405 604 92 76 1 12 4.950 12 18
196177945375164 956 444 940 0 12 4.950 12 13
238009414553904 851 835 323 1 12 4.950 19 10
196852156949926 796 284 780 0 12 4.950 12 8
3784573409585 52 548 36 2 12 6.364 20 17
203644912228150 923 411 907 0 12 6.364 11 12
12448418125925 827 315 811 0 12 6.364 11 9
22644585707032 244 740 228 2 12 6.364 20 23
25295353186800 923 411 907 0 12 6.364 11 12
213454727715161 571 59 43 1 12 6.364 11 17
214097772079108 891 379 875 0 12 6.364 11 11
126811908169371 148 644 132 2 12 6.364 20 20
79182101585058 244 740 228 2 12 6.364 20 23
34200820127808 52 548 36 2 12 6.364 20 17
176436073122832 148 644 132 2 12 6.364 20 20
107052906117215 827 315 811 0 12 6.364 11 9
107754219379195 923 411 907 0 12 6.364 11 12
178928140562999 923 411 907 0 12 6.364 11 12
132571339875543 244 740 228 2 12 6.364 20 23
38053425991636 52 548 36 2 12 6.364 20 17
270744745959587 52 548 36 2 12 6.364 20 17
88452198283767 827 315 811 0 12 6.364 11 9
42054220786114 827 315 811 0 12 6.364 11 9
114640968259069 923 411 907 0 12 6.364 11 12
93447201868912 635 123 107 1 12 6.364 11 19
189087579814020 923 411 907 0 12 6.364 11 12
48539845233066 923 411 907 0 12 6.364 11 12
190868138051725 52 548 36 2 12 6.364 20 17
117273802661154 244 740 228 2 12 6.364 20 23
50238106073662 52 548 36 2 12 6.364 20 17
258209440924112 980 964 452 1 12 6.364 20 14
73589695354949 244 740 228 2 12 6.364 20 23
125836064714296 827 315 811 0 12 6.364 11 9
4584505128822 922 410 906 0 12 7.778 10 12
9348141881871 85 581 69 2 12 7.778 21 18
12710055266212 981 965 453 1 12 7.778 21 14
209355379521106 1018 506 1002 0 12 7.778 10 15
23491028861365 1018 506 1002 0 12 7.778 10 15
25939966920240 954 442 938 0 12 7.778 10 13
25940435370318 1018 506 1002 0 12 7.778 10 15
28196586781742 181 677 165 2 12 7.778 21 21
104176319935655 181 677 165 2 12 7.778 21 21
82832804628548 181 677 165 2 12 7.778 21 21
243133740736849 538 26 10 1 12 7.778 10 16
267315141291832 1018 506 1002 0 12 7.778 10 15
84484901179340 181 677 165 2 12 7.778 21 21
59247761394813 181 677 165 2 12 7.778 21 21
109254605931877 181 677 165 2 12 7.778 21 21
109291616938391 981 965 453 1 12 7.778 21 14
156811797858653 1018 506 1002 0 12 7.778 10 15
106381435639159 954 442 938 0 12 7.778 10 13
39104763059233 981 965 453 1 12 7.778 21 14
86896754293088 85 581 69 2 12 7.778 21 18
61679901242614 181 677 165 2 12 7.778 21 21
111122666432644 85 581 69 2 12 7.778 21 18
182744571594960 981 965 453 1 12 7.778 21 14
182940313196497 1018 506 1002 0 12 7.778 10 15
136868890889405 181 677 165 2 12 7.778 21 21
89594995840738 981 965 453 1 12 7.778 21 14
250323091936066 1018 506 1002 0 12 7.778 10 15
162399363058171 85 581 69 2 12 7.778 21 18
163517216815576 981 965 453 1 12 7.778 21 14
117346093944239 1018 506 1002 0 12 7.778 10 15
46089514781987 666 154 138 1 12 7.778 10 20
93794639427684 1018 506 1002 0 12 7.778 10 15
118052802654975 85 581 69 2 12 7.778 21 18
68713017410533 1018 506 1002 0 12 7.778 10 15
94080549867913 181 677 165 2 12 7.778 21 21
142080544445070 981 965 453 1 12 7.778 21 14
94272415571041 181 677 165 2 12 7.778 21 21
277830732640631 1018 506 1002 0 12 7.778 10 15
255054230098888 1018 506 1002 0 12 7.778 10 15
231866057231773 981 965 453 1 12 7.778 21 14
164763517985817 181 677 165 2 12 7.778 21 21
38511583672122 181 677 165 2 12 7.778 21 21
71247880004468 538 26 10 1 12 7.778 10 16
145262104060659 1018 506 1002 0 12 7.778 10 15
192429556837239 922 410 906 0 12 7.778 10 12
145598307399835 981 965 453 1 12 7.778 21 14
72977419627265 1018 506 1002 0 12 7.778 10 15
234629388968457 922 410 906 0 12 7.778 10 12
194779875235849 1018 506 1002 0 12 7.778 10 15
236525558107612 1018 506 1002 0 12 7.778 10 15
261975751126789 981 965 453 1 12 7.778 21 14
261373223660620 1018 506 1002 0 12 7.778 10 15
71879922389691 181 677 165 2 12 7.778 21 21
102093379831158 1018 506 1002 0 12 7.778 10 15
202995015966604 982 966 454 1 12 9.192 22 14
